273.38,382.02,277.3,398.5,336.92,355.35,325.94,349.86,###
334.47,573.04,330.94,575.98,369.18,600.1,372.12,595.39,###
320.94,588.92,357.41,614.22,363.3,605.4,326.23,578.33,###
393.6,546.14,381.49,562.28,384.52,564.3,396.62,546.65,###
397.63,546.65,382.5,565.81,385.53,566.82,399.65,549.17,###
407.72,547.15,399.65,558.24,404.19,561.27,414.78,549.17,###
451.08,499.24,452.09,503.78,478.82,485.63,476.8,481.59,###
462.18,498.23,463.69,502.27,471.76,497.73,468.73,492.69,###
415.28,466.46,416.79,468.99,442.01,452.85,439.99,451.34,###
415.78,472.01,418.31,474.53,449.57,452.34,448.56,449.82,###
397.63,435.2,399.14,438.73,410.74,434.19,408.72,429.65,###
380.99,437.22,384.52,442.76,415.78,421.58,411.25,418.56,LIANCILI
327.53,158.85,327.53,171.46,378.47,171.46,378.47,158.85,容量展示
324.51,125.57,324.51,137.17,383.01,137.17,383.01,125.57,你的玲珑包
206.0,82.7,206.0,106.4,325.52,106.4,325.52,82.7,ABOUT
337.62,82.7,337.62,107.41,498.99,107.41,498.99,82.7,PROUCTS
255.93,54.46,255.93,64.55,450.58,64.55,450.58,54.46,SPRING/SUMMER2015LAUNCH
