86.7,231.0,86.7,252.0,107.7,252.0,107.7,231.0,第
102.3,209.4,102.3,252.0,126.9,252.0,126.9,209.4,1
130.5,230.4,130.5,250.2,150.3,250.2,150.3,230.4,位
183.9,231.6,183.9,249.6,291.3,249.6,291.3,231.6,@cosme
174.9,256.8,175.5,262.8,300.9,259.2,299.7,253.2,###
89.1,256.8,89.1,264.6,147.9,264.6,147.9,256.2,###
103.5,272.4,103.5,278.4,134.1,278.4,134.1,272.4,@cosme
95.7,278.4,95.7,284.4,141.3,284.4,141.3,278.4,###
159.9,266.4,159.9,283.8,306.3,282.6,306.3,266.4,###
263.1,290.4,263.1,310.2,324.9,310.2,324.9,290.4,Silcat
192.9,322.8,192.9,366.0,400.5,366.0,400.5,322.8,###
196.5,384.0,196.5,404.4,387.3,404.4,387.3,384.0,###
392.7,384.0,392.7,392.4,401.1,392.4,401.1,384.0,?
108.9,429.0,108.9,488.4,126.3,486.6,129.3,429.0,1
134.7,477.0,134.7,540.0,473.1,540.0,473.1,477.0,###
190.5,541.2,189.9,568.8,379.5,571.2,379.5,541.2,###
389.1,555.0,389.1,547.2,381.3,547.8,380.7,555.0,*
93.9,614.4,94.5,633.0,171.9,633.0,171.3,616.8,unicharm
465.3,630.6,466.5,640.2,514.5,640.8,515.1,631.2,###
185.1,726.0,190.5,760.2,411.3,699.0,402.3,670.8,莎莎的日本代购
272.1,754.8,273.9,768.6,386.7,739.2,387.9,723.6,89452037
212.7,768.0,216.9,787.2,263.1,772.2,256.5,756.0,微信：
