47.67,656.67,51.0,716.0,354.33,716.0,353.0,638.67,卡乐芙饰品
392.33,666.67,392.33,711.33,747.67,711.33,747.67,666.67,专业DIY配件批发
377.67,638.67,381.0,650.0,418.33,636.0,412.33,626.0,3.7fl.oz.
360.33,633.33,363.67,644.67,378.33,636.0,375.0,626.67,Vol.
391.0,619.33,396.33,630.67,429.0,619.33,425.0,608.67,100mml
323.67,627.33,323.67,634.0,391.0,604.0,389.0,600.0,###
316.33,613.33,317.0,620.67,368.33,599.33,366.33,592.67,Wafercpcool 
407.0,574.0,409.0,583.33,439.67,569.33,438.33,562.0,Flexible 
413.67,592.0,414.33,597.33,453.0,580.67,449.67,574.0,Paintabie
317.67,578.0,319.0,586.67,415.0,550.67,414.33,542.67,Solf-lovelingFormule
297.0,572.0,299.67,580.0,419.0,532.0,419.0,523.33,TheMulti-PurposeAdhesslve 
293.67,512.0,295.67,518.67,340.33,502.0,337.0,495.33,Medium 
347.67,491.33,350.33,498.67,385.67,484.67,382.33,477.33,iscosity
319.67,520.67,329.0,542.0,379.0,520.0,373.67,503.33,CLEAR
354.33,444.0,354.33,456.0,363.67,454.67,365.0,444.0,?
226.33,270.67,304.33,478.0,357.67,458.0,277.67,253.33,E6000
170.33,240.0,173.67,245.33,208.33,229.33,205.0,222.0,###
208.33,220.0,210.33,227.33,256.33,214.0,256.33,207.33,###
257.0,208.0,260.33,214.0,288.33,214.0,289.0,208.0,###
199.67,213.33,202.33,218.0,259.0,201.33,256.33,195.33,###
201.67,198.0,203.67,206.67,254.33,195.33,251.0,184.0,CAUNOTTSON
175.0,250.67,175.67,262.67,247.0,233.33,243.0,220.0,INDUSTRIAL
247.67,220.67,247.67,235.33,290.33,228.0,287.67,214.67,STREHGT
0.33,163.33,9.67,254.67,453.0,4.67,303.0,0.0,进口点钻胶水
241.0,570.0,191.67,660.67,216.33,667.33,255.0,582.67,###
529.0,546.67,525.0,564.0,539.67,568.67,542.33,550.67,蔡
507.0,601.33,493.0,632.0,506.33,637.33,514.33,623.33,###
364.33,325.33,349.67,359.33,377.67,372.67,391.0,338.0,EI
393.0,274.67,371.0,315.33,392.33,320.67,408.33,288.67,ots
418.33,222.67,411.0,244.67,433.67,260.0,445.0,234.0,K
468.33,130.0,426.33,208.0,442.33,220.67,484.33,142.67,nnese
491.67,100.67,495.67,128.0,511.67,118.67,498.33,94.0,###
520.33,112.67,505.0,143.33,530.33,160.67,549.0,122.67,D
505.0,156.0,513.0,186.67,519.0,186.67,529.0,162.0,###
673.0,160.67,657.0,202.0,696.33,217.33,719.0,182.67,学
646.33,216.67,633.0,260.0,675.67,274.0,692.33,235.33,做
351.0,140.0,359.0,166.0,369.0,161.33,361.0,138.0,543
388.33,248.67,425.0,356.67,437.67,352.0,403.0,246.0,鹤牌特种铅笔
437.0,386.0,452.33,432.67,461.67,423.33,444.33,383.33,天津
500.33,198.0,453.67,314.67,547.0,351.33,604.33,249.33,###
479.0,328.0,414.33,458.0,520.33,507.33,577.67,379.33,###
412.33,458.0,399.67,525.33,488.33,578.0,507.0,508.0,###
409.67,339.33,371.0,410.67,387.0,416.0,423.0,343.33,传统装饰结
438.33,278.0,431.0,298.0,440.33,307.33,455.67,287.33,学习
385.0,232.0,389.0,244.67,399.0,242.67,395.67,228.67,###
