365.6,436.8,365.6,449.6,414.13,449.6,414.13,436.8,LuLu
422.67,436.27,422.67,450.67,468.53,450.67,468.53,436.27,Fans
193.87,294.93,193.87,312.53,252.53,312.53,252.53,294.93,LuLu
264.27,296.53,264.27,313.07,319.73,313.07,319.73,296.53,Fans
43.47,128.53,43.47,142.93,90.4,142.93,90.4,128.53,LuLu
96.8,129.07,96.8,142.93,142.13,142.93,142.13,129.07,Fans
195.47,74.67,195.47,97.07,253.6,97.07,253.6,74.67,LuLu
266.93,77.87,266.93,96.0,321.33,96.0,321.33,77.87,Fans
323.47,330.67,323.47,376.53,446.67,376.53,446.67,330.67,安以轩
351.73,274.67,351.73,316.8,428.0,316.8,428.0,274.67,I?
69.6,287.47,84.53,311.47,194.93,250.67,182.13,229.87,TheOne
60.0,247.47,69.07,275.2,116.53,246.93,109.07,226.67,Are
37.07,215.47,54.13,238.93,94.67,214.4,81.33,190.4,We
90.4,183.47,105.87,213.33,117.07,210.67,102.13,178.13,！
