598.93,798.51,626.49,798.51,662.93,791.2,655.82,773.62,扣馆
365.15,748.73,369.6,770.06,493.15,726.51,482.49,706.06,台湾品牌折扣馆
627.38,648.29,634.49,662.51,761.6,613.62,759.82,593.18,台湾品牌折扣馆
181.15,685.62,190.04,706.06,317.15,658.06,308.27,641.18,台湾品牌折扣馆
2.49,762.06,7.82,777.18,46.04,764.73,40.71,744.29,扣馆
1.6,627.74,5.15,644.63,127.82,593.97,123.38,573.52,台湾品牌折扣馆
751.82,456.19,758.04,475.74,797.15,457.97,795.38,438.41,品牌
30.93,417.87,30.93,431.2,502.93,431.2,502.93,417.87,淘宝店：TWPPZKG.TAOBAO.COM或SHOP72065844.TAOB.COM
517.15,408.09,517.15,435.65,785.6,435.65,785.6,408.09,专柜正品假一赔三
211.38,386.85,211.38,398.41,503.82,398.41,503.82,386.85,电话：10201006080或18017720980
210.49,367.3,210.49,380.63,362.49,380.63,362.49,367.3,咨询QQ：151863932 
381.15,368.19,381.15,380.63,502.93,380.63,502.93,368.19,微信：gangxfaoxi
518.04,363.74,518.04,399.3,780.27,399.3,780.27,363.74,台湾品牌折扣馆
72.71,458.66,76.27,475.55,200.71,424.88,199.82,402.66,台湾品牌折扣馆
169.6,278.21,176.71,296.88,302.93,250.66,292.27,228.44,台湾品牌折扣馆
1.6,210.56,2.49,226.56,103.82,189.23,98.49,169.67,湾品牌折扣馆
1.6,344.78,2.49,366.11,33.6,357.23,27.38,339.45,扣馆
241.6,106.56,249.6,129.67,372.27,78.11,367.82,60.34,台湾品牌折扣馆
73.6,37.23,81.6,58.56,208.71,3.45,180.27,1.67,台湾品牌折扣馆
706.49,62.11,713.6,80.78,798.93,41.67,794.49,23.89,台湾品牌折
507.38,1.67,513.6,21.23,550.04,8.78,544.71,-0.11,台湾
