1.2,177.6,1.2,288.8,316.4,288.8,316.4,177.6,买2件
2.8,292.8,2.8,404.0,315.6,404.0,315.6,292.8,减8元
1.2,410.4,1.2,447.2,314.0,447.2,314.0,410.4,宽松大码休闲显瘦
2.0,464.8,2.0,514.4,309.2,514.4,309.2,464.8,不起球不缩水
1.2,530.4,1.2,539.2,158.0,539.2,158.0,530.4,EUROPEANDTHEUNITEDSTATESCUR
2.0,540.8,2.0,548.0,227.6,548.0,227.6,540.8,STATESCURRENTRUSINESSEUROPEANDTHE.UNITED
610.0,321.6,610.0,344.0,461.2,339.2,459.6,300.0,Framtiden
500.4,353.6,502.0,380.8,581.2,391.2,584.4,362.4,FORGET
507.6,395.2,508.4,426.4,566.0,433.6,571.6,398.4,THE
483.6,431.2,482.8,448.8,571.6,458.4,573.2,438.4,HORIZON
482.8,462.4,479.6,488.8,558.0,500.0,567.6,472.0,Today
554.8,32.0,555.6,41.6,507.6,51.2,507.6,40.8,###
556.4,29.6,558.0,41.6,591.6,47.2,590.0,35.2,###
494.0,0.0,508.4,40.0,584.4,37.6,584.4,0.0,###
452.4,472.0,452.4,483.2,467.6,483.2,467.6,472.0,cys
