33.76,13.33,33.76,52.89,145.56,52.89,145.56,13.33,聚黔坊
168.78,14.62,168.78,52.46,398.82,52.46,398.82,14.62,原装正品代购
370.01,77.83,370.01,369.37,425.06,369.37,425.06,77.83,全程跟踪
36.77,385.28,36.77,429.14,386.36,429.14,386.36,385.28,全国包邮最新日期
9.68,76.97,9.68,367.65,71.16,367.65,71.16,76.97,澳洲直飞
59.13,62.04,63.12,68.49,77.86,72.18,76.94,68.49,###
78.78,68.8,81.85,75.56,96.29,73.1,96.9,68.8,###
131.92,69.72,132.22,74.64,174.0,61.74,174.0,58.66,###
131.3,65.42,131.92,68.49,145.43,65.11,144.82,61.74,###
123.93,116.71,124.85,126.54,139.6,126.54,139.6,116.71,33
118.4,119.17,118.4,125.93,123.93,125.93,123.93,119.17,$
142.67,119.17,142.67,125.01,152.8,125.01,152.8,119.17,99
318.05,198.41,318.05,204.25,328.49,204.56,330.03,198.41,14
332.48,198.11,332.48,203.64,342.31,203.64,342.31,198.11,###
330.64,204.56,330.33,208.55,354.29,209.47,354.9,206.4,###
160.18,285.95,173.5,286.81,202.75,154.37,191.13,153.08,freezeframe
253.91,199.09,238.0,266.6,249.62,267.46,263.81,204.68,BREAST
275.42,97.61,254.78,194.36,267.68,195.22,290.46,99.33,ENHANCEF
244.88,197.37,229.41,265.31,236.28,266.17,252.63,199.09,###
188.56,363.78,189.41,371.09,221.66,371.52,222.09,365.5,broast
194.57,351.31,192.0,359.91,224.67,361.2,224.67,354.32,looking
205.75,342.71,201.88,348.73,226.4,350.88,227.69,343.57,timer
207.47,331.1,205.32,340.99,228.54,340.56,231.56,333.25,larger
68.16,160.82,68.16,167.27,84.06,167.27,84.06,160.82,###
68.16,169.85,68.16,172.43,85.36,172.43,85.36,169.85,###
68.58,173.29,68.58,175.87,81.48,175.87,81.48,173.29,###
67.3,187.05,67.3,189.63,84.5,189.63,84.5,187.05,###
68.16,191.35,68.16,194.36,89.22,194.36,89.22,191.35,###
68.16,195.22,68.16,197.37,92.23,197.37,92.23,195.22,###
68.16,199.95,68.16,203.39,92.66,203.39,92.66,199.95,###
69.02,204.25,69.02,212.42,97.39,212.42,97.39,204.25,###
132.32,76.23,135.84,78.96,172.59,67.63,172.2,64.11,###
285.95,80.92,285.95,85.22,300.02,85.22,300.02,80.92,###
289.47,134.86,289.47,139.55,308.62,139.55,308.62,134.86,###
291.42,125.48,291.42,132.52,297.29,132.52,297.29,125.48,###
114.91,256.09,114.91,260.39,124.94,260.39,124.94,256.09,###
83.37,257.52,83.37,260.87,96.27,260.87,96.27,257.52,###
271.62,212.61,271.62,223.12,285.47,218.82,284.04,210.22,###
330.38,217.87,330.38,222.64,348.06,222.64,348.06,217.87,###
319.39,220.26,319.39,223.6,347.58,223.6,347.58,220.26,###
329.43,225.99,329.43,229.81,345.67,229.81,345.67,225.99,###
47.06,58.29,47.06,64.02,53.75,64.02,53.75,58.29,###
75.73,83.13,75.73,87.43,88.15,87.43,88.15,83.13,###
78.12,90.78,78.59,95.08,90.06,96.99,90.06,92.69,###
