174.79,555.76,196.12,675.45,70.51,708.63,31.4,588.95,爆
437.86,521.4,437.86,464.52,634.57,451.49,640.49,507.18,如假包换
439.04,446.75,436.67,393.42,632.2,376.83,633.38,428.97,专柜正品
634.57,300.99,639.31,359.06,440.23,376.83,433.12,319.95,缓解疲劳
627.46,227.52,634.57,287.96,441.41,303.36,434.3,248.85,滋养美白
437.86,145.75,437.86,206.19,692.63,206.19,692.63,145.75,面部凝脂
325.28,75.84,325.28,137.46,581.24,137.46,581.24,75.84,瑞倪维儿
262.48,149.31,262.48,163.53,155.83,163.53,155.83,149.31,Rinawaie
149.9,234.63,149.9,250.04,268.4,253.59,268.4,237.0,瑞倪维儿‘面部凝脂
256.55,264.25,256.55,272.55,159.38,272.55,159.38,264.25,###
162.94,462.15,162.94,475.19,243.52,475.19,243.52,462.15,净含量：280克
