271.33,36.89,271.33,58.67,386.0,58.67,386.0,36.89,一瓶顶二瓶
274.0,73.78,274.0,97.78,385.11,97.78,385.11,73.78,500克特惠
278.44,159.11,278.44,182.67,394.0,182.67,394.0,159.11,买一送五
319.78,283.11,319.78,301.78,338.44,301.78,338.44,283.11,送
113.11,109.78,113.11,123.56,174.89,123.56,174.89,109.78,###
149.67,134.0,150.0,124.0,179.78,124.0,179.78,135.11,青詩妍
72.22,202.67,72.22,219.11,231.33,218.67,230.44,202.67,SMALLSEAWEEDMASK
72.22,221.78,72.22,248.44,231.78,248.44,231.33,220.0,天然小粒海藻面膜
106.89,289.33,106.89,302.67,196.22,302.67,196.22,289.33,天然植物胶原面膜
180.67,319.11,181.11,310.67,223.33,307.11,223.33,315.11,净含量：500g
114.0,337.78,114.0,329.78,189.56,329.78,189.56,337.78,###
181.67,118.0,180.33,124.67,187.67,124.67,188.33,118.0,###
