331.67,410.94,331.67,455.39,425.01,455.39,425.01,410.94,透明
432.23,419.28,432.23,454.83,474.45,454.83,474.45,419.28,肩带
317.78,159.43,331.67,168.87,367.78,124.43,355.01,113.32,TPU
313.9,222.15,321.67,229.38,345.56,198.27,339.45,191.04,TYPE
324.45,234.93,335.01,239.38,392.78,169.93,385.01,163.82,THICKNESS
337.78,246.04,348.34,249.93,380.56,211.04,374.45,203.82,WIDTH
352.78,255.49,360.56,264.38,402.78,212.71,393.34,205.49,LENGTH
364.45,266.6,373.34,274.93,397.23,251.6,387.78,242.71,N.W.
396.67,120.08,403.9,129.53,425.01,105.64,418.34,97.31,5012
392.78,153.42,399.45,159.53,438.9,116.19,431.12,108.42,0.12MM
416.12,152.76,412.23,159.43,421.12,164.43,425.01,156.65,5
418.34,176.09,427.23,182.76,448.9,158.32,440.56,151.65,1350
442.78,178.87,450.56,184.98,453.9,182.76,443.9,174.43,1
427.23,139.98,435.01,147.2,452.23,126.65,445.01,120.54,MM
467.23,166.09,458.34,158.87,471.67,141.09,481.67,147.2,KG
466.67,137.2,458.34,129.98,451.12,139.98,458.34,147.76,M
