168.57,717.46,168.57,747.11,374.2,747.11,374.2,717.46,我de私人衣橱
171.15,805.12,171.15,830.91,628.18,830.91,628.18,805.12,http://1980627.taobao.com
608.84,433.18,608.84,462.83,710.69,462.83,710.69,433.18,MOON!
624.95,399.66,624.95,426.74,695.86,426.74,695.86,399.66,THE
633.33,362.92,633.33,391.28,683.61,391.28,683.61,362.92,ON
592.72,325.53,592.72,353.25,661.7,353.25,661.7,325.53,BEA
692.64,328.11,692.64,353.25,711.98,353.25,711.98,328.11,L
606.26,286.85,606.26,318.44,657.19,318.44,657.19,286.85,FII
592.72,252.69,592.72,282.34,641.71,282.34,641.71,252.69,I'M
532.77,506.67,527.62,527.94,548.89,529.23,554.69,511.18,R!
538.58,482.82,533.42,500.22,545.67,505.38,552.11,486.04,VI
358.73,442.21,358.73,468.64,372.91,468.64,366.46,444.14,###
357.44,415.78,357.44,436.4,365.17,436.4,362.6,419.64,###
229.81,157.93,229.81,168.89,278.8,168.89,278.8,157.93,CE2IN
115.71,168.24,98.3,266.87,105.39,272.67,118.93,168.89,###
95.73,295.88,104.11,314.57,120.87,307.48,111.84,290.08,###
95.08,272.03,95.73,287.5,116.35,289.43,107.97,275.25,###
101.53,321.02,115.71,354.54,132.47,339.07,120.87,312.64,###
31.26,101.2,31.26,121.83,130.53,121.83,130.53,101.2,MFGAN
12.57,72.84,12.57,83.4,20.31,83.16,20.31,72.84,d
46.09,74.78,46.09,83.16,55.11,83.16,55.11,74.78,u
80.41,73.82,80.25,82.51,89.28,82.51,88.79,74.22,b
114.42,74.78,114.42,83.8,123.44,83.8,122.71,75.82,a
148.65,73.42,148.58,83.16,151.84,83.0,152.64,73.42,l
41.58,19.98,41.58,52.86,156.32,52.86,156.32,19.98,lgle
812.54,103.78,812.54,203.05,820.92,203.05,821.56,103.78,NewFashion
758.39,705.21,758.39,716.81,808.67,716.81,808.67,705.21,SHOP
698.44,724.55,698.44,740.02,809.31,740.02,809.31,724.55,EXPERIENCE
745.5,745.82,745.5,759.36,810.6,759.36,810.6,745.82,INMEST
762.26,763.22,762.26,778.05,809.31,778.05,809.31,763.22,PLAY
769.35,784.5,769.35,799.97,806.74,799.32,806.74,784.5,ETC
779.66,824.46,782.24,837.36,831.88,837.36,831.23,824.46,###
46.73,134.08,46.73,154.06,86.06,154.06,86.06,134.08,###
329.04,258.79,328.05,271.61,335.45,272.6,337.42,269.15,###
329.53,280.98,329.04,284.43,337.42,289.85,338.9,285.91,###
770.22,312.03,774.66,336.19,779.09,340.62,774.16,312.52,###
