148.0,732.44,148.0,792.0,656.44,792.0,656.44,732.44,联系客服立减10元
345.33,616.0,347.11,629.33,446.67,632.89,446.67,621.33,3.52floz.e100g
360.44,578.67,362.22,586.67,441.33,588.44,444.89,581.33,###
337.67,566.0,339.0,574.67,455.0,576.0,457.0,565.33,MORNING＆SKIN
371.11,402.67,370.22,420.44,427.11,419.56,426.22,402.67,GEL
324.0,377.78,324.0,399.11,472.44,399.11,472.44,377.78,CLEANSING
331.11,360.0,331.11,378.67,466.22,378.67,466.22,360.0,ROSEPETAL
342.67,323.56,342.67,351.11,461.78,351.11,461.78,323.56,ROSe
392.44,296.0,392.44,312.89,412.89,312.89,412.89,296.0,?
346.22,286.22,346.22,309.33,453.78,309.33,454.67,287.11,BULGARIA
424.44,512.0,414.67,538.67,421.78,542.22,434.22,516.44,###
36.0,75.56,36.0,91.56,208.44,91.56,208.44,75.56,MORNING＆SKIN
49.33,32.0,49.33,71.11,194.22,71.11,194.22,32.0,玫莉蔻
197.67,30.0,198.33,44.0,214.33,45.33,213.67,28.0,?
691.11,15.11,691.11,36.44,733.78,36.44,733.78,15.11,官方
688.44,40.89,688.44,63.11,733.78,63.11,733.78,40.89,直售
425.67,545.33,423.0,554.67,432.33,554.67,432.33,544.67,###
