38.0,17.33,38.0,64.0,407.33,64.0,407.33,17.33,正品法国珊蔓妮
39.33,89.33,39.33,153.33,314.0,153.33,314.0,89.33,燕窝精华
494.0,218.67,472.67,245.33,607.33,345.33,624.67,318.67,Samanie
370.0,393.33,355.33,410.67,416.67,454.67,431.33,438.67,Bird's
494.0,481.33,436.67,441.33,427.33,457.33,483.33,498.67,Nest
339.33,422.67,331.33,436.0,376.67,464.0,383.33,450.67,Bird's
387.33,453.33,378.0,470.67,418.0,493.33,426.0,482.67,Nest
428.67,482.67,422.0,498.67,454.0,521.33,459.33,508.0,Skin
463.33,513.33,455.33,526.67,506.0,561.33,518.0,546.67,Repair
327.33,441.33,316.67,454.67,382.0,498.67,390.0,486.67,Essence
391.33,492.0,388.67,505.33,428.67,532.0,438.0,522.67,Mask
258.0,525.33,250.0,537.33,266.0,545.33,274.0,533.33,e
276.67,538.67,270.0,550.67,350.0,609.33,359.33,600.0,25ml0.88FlZ.
330.0,542.67,324.67,552.0,426.0,621.33,430.0,614.67,###
336.67,536.0,330.0,545.33,388.67,582.67,392.67,576.0,###
342.0,529.33,336.67,537.33,460.67,625.33,468.67,621.33,###
350.0,520.0,343.33,530.67,432.67,593.33,436.67,585.33,###
647.33,536.0,656.67,545.33,526.0,733.33,514.0,725.33,PROFESSIONALIACIALFROMIBANCL
699.33,673.33,714.0,736.0,478.0,798.67,459.33,745.33,渝城美妆
