39.56,716.44,39.56,784.0,404.89,784.0,404.89,716.44,提前加购物车
424.44,715.56,424.44,783.11,734.67,783.11,734.67,715.56,抢单更方便
5.78,79.11,38.67,112.0,104.44,45.33,71.56,13.33,特价
1.33,160.89,39.56,202.67,192.44,40.0,152.44,3.56,清仓大促
220.0,386.67,220.0,408.89,316.0,408.89,316.0,386.67,lmoress
388.89,404.44,388.89,426.67,487.56,426.67,487.56,404.44,lmoress
220.89,419.56,220.89,432.89,271.56,432.89,271.56,419.56,LOTION
220.0,436.44,220.0,447.11,260.0,447.11,260.0,436.44,kanebo
274.22,420.44,274.22,446.22,286.67,446.22,286.67,420.44,II
389.78,438.22,389.78,452.44,442.22,452.44,442.22,438.22,LOTION
387.11,455.11,387.11,466.67,430.67,466.67,430.67,455.11,kanebo
444.0,440.89,444.0,464.89,458.22,464.89,458.22,440.89,II
563.11,431.11,563.11,445.33,615.56,445.33,615.56,431.11,LOTION
563.11,448.0,563.11,457.78,604.89,457.78,604.89,448.0,kanebo
617.33,433.78,617.33,458.67,629.78,458.67,629.78,433.78,II
564.0,400.89,564.0,419.56,657.33,419.56,657.33,400.89,lmpress
