141.63,425.73,141.63,440.61,387.68,440.61,386.54,422.87,witholiveoil&milkprotein
338.47,400.56,338.47,412.57,400.84,412.57,400.84,400.56,bymidwives
327.02,391.97,327.02,399.41,400.84,399.41,400.84,391.97,recommended
297.84,299.27,297.84,310.14,382.53,310.14,382.53,299.27,paraben-free
293.84,263.79,293.84,282.11,383.67,282.11,383.67,263.79,Pflegeseife
274.38,238.04,274.38,259.79,381.96,259.79,381.96,238.04,CareSoap
265.8,220.31,265.8,234.61,383.1,234.61,383.1,220.31,Savondesoin
323.02,187.69,323.02,208.86,385.96,208.86,385.96,187.69,baby
179.96,98.99,179.96,126.46,348.2,126.46,348.2,98.99,SANOSAN
142.77,171.09,142.77,185.97,208.0,185.97,208.0,171.09,OKOTEST
149.64,187.12,149.64,191.69,200.56,191.69,200.56,187.12,###
143.91,198.56,143.91,206.0,190.84,206.0,190.84,198.56,sanosanBaby
145.06,208.29,145.06,215.73,179.96,215.73,179.96,208.29,Pliegeseile
144.49,239.19,144.49,247.2,200.56,247.2,200.56,239.19,Ausgabe01/2013
143.91,218.59,143.91,235.76,205.71,235.76,205.71,218.59,sehrgut
426.02,94.42,426.02,409.14,474.66,409.14,474.09,93.84,现货假一赔十
32.9,89.84,32.9,409.71,82.69,409.71,82.69,89.84,杭州德中超市
297.27,366.79,297.84,377.67,360.79,361.64,358.5,348.48,CLINICALLY
357.92,345.05,368.22,357.07,403.7,337.61,400.84,326.74,TESTED
