34.0,56.0,34.0,97.33,128.67,97.33,128.67,56.0,森马
12.67,14.67,12.67,56.0,155.33,56.0,155.33,14.67,SEMIR
10.0,705.33,10.0,790.67,792.67,790.67,792.67,705.33,保证森马正品好评返现
534.0,472.0,536.67,488.0,500.67,493.33,498.0,477.33,SONICE
395.33,452.0,408.67,498.67,288.67,546.67,270.0,500.0,1996
496.67,361.33,498.0,368.0,535.33,382.67,535.33,376.0,###
483.33,338.67,480.67,353.33,514.0,357.33,515.33,341.33,###
523.33,346.67,518.0,360.0,548.67,378.67,556.67,364.0,###
310.0,382.67,307.33,390.67,320.67,396.0,323.33,389.33,###
288.67,386.67,290.0,396.0,324.67,416.0,328.67,406.67,###
290.0,401.33,287.33,408.0,310.0,418.67,314.0,413.33,###
343.33,338.67,350.0,353.33,275.33,384.0,271.33,369.33,BROOKLYN
380.67,326.67,380.67,340.0,444.67,338.67,444.67,328.0,YOUBELIEVE
371.33,285.33,374.0,296.0,318.0,316.0,319.33,304.0,EXPLORING
359.33,310.67,359.33,318.67,375.33,318.67,375.33,310.67,###
354.0,313.33,356.67,321.33,340.67,332.0,334.0,330.67,###
402.0,109.33,402.0,117.33,419.33,117.33,419.33,109.33,###
379.33,112.0,379.33,118.67,398.0,118.67,398.0,112.0,###
476.67,364.0,466.0,373.33,536.67,400.0,540.67,392.0,###
372.67,352.0,372.67,389.33,439.33,389.33,439.33,352.0,EED
444.67,357.33,444.67,393.33,462.0,394.67,464.67,357.33,O
484.67,412.0,491.33,401.33,462.0,390.67,460.67,398.67,###
322.0,373.33,335.33,413.33,372.67,393.33,364.67,357.33,FR
