17.92,66.67,17.92,104.17,104.58,104.17,104.58,66.67,彩居
18.75,18.33,18.75,55.83,107.92,55.83,107.92,18.33,悦然
617.92,66.67,617.92,305.0,677.08,305.0,677.08,66.67,炫酷浴巾
347.08,400.0,347.08,444.17,500.42,444.17,500.42,400.0,Quinn
47.92,252.5,45.42,733.33,102.08,733.33,102.92,252.5,夏日户外水首选
352.08,715.0,352.08,721.67,417.08,718.33,415.42,710.83,AUSTMALIA
325.42,693.33,327.92,711.67,378.75,715.0,379.58,699.17,movie
387.92,695.83,387.92,710.0,438.75,710.0,438.75,695.83,waild
342.08,685.0,340.42,695.0,390.42,697.5,391.25,690.83,WARNER
397.08,689.17,397.08,695.0,429.58,695.0,427.08,687.5,###
297.08,329.17,295.42,388.33,457.92,392.5,454.58,338.33,Hailey
215.42,680.83,215.42,715.83,242.08,715.83,242.08,680.83,Q
707.08,422.5,707.08,430.0,747.08,430.0,747.08,422.5,tuzhu.com
