141.43,82.86,141.43,97.14,221.43,97.14,221.43,82.86,金絲袋鼠
123.71,100.57,123.71,113.14,238.57,113.14,238.57,100.57,JINSIDAISHU
64.29,165.14,64.29,220.0,240.86,220.0,240.86,165.14,無縫拉毛
68.86,231.43,68.86,250.29,143.14,250.29,143.14,231.43,甲壳元素
70.11,254.74,68.86,271.43,226.57,271.43,225.89,252.63,性感美体无缝热能裤
78.11,378.95,77.43,387.43,104.86,387.43,104.21,378.95,超透气
78.0,429.14,78.0,438.29,106.0,438.29,106.0,429.14,超柔软
74.57,478.86,74.57,488.57,101.43,488.57,101.43,478.86,超弹力
79.14,462.86,79.14,474.29,96.29,474.29,94.95,463.16,50%
72.29,529.71,72.29,539.43,108.29,539.43,108.29,529.71,蓄热保暖
588.84,201.26,588.0,206.74,614.95,211.37,614.95,206.32,金絲袋鼠
582.11,205.89,582.11,210.53,618.32,216.84,618.74,212.63,JINSIDAISHU
563.16,212.21,559.37,227.79,613.26,237.89,615.79,222.74,無縫拉毛
549.68,228.63,548.0,237.47,621.68,250.53,624.21,242.95,性感美体无缝热能裤
548.0,254.32,547.58,258.11,555.58,259.37,556.84,256.0,###
545.47,270.74,546.32,274.53,553.89,275.37,553.47,272.0,###
540.84,285.47,540.84,288.84,550.95,289.68,550.95,286.74,###
537.47,301.05,537.05,304.0,549.26,306.11,549.26,303.16,###
628.84,277.89,629.26,282.11,659.58,272.42,659.16,269.47,###
624.25,307.0,623.37,311.58,671.37,297.26,671.37,293.47,###
630.53,273.68,630.11,277.89,665.05,267.37,662.95,264.42,###
631.37,268.21,630.11,272.0,661.26,264.0,660.42,259.79,###
633.89,253.47,633.47,257.68,664.21,249.68,661.68,247.16,###
636.0,245.89,634.74,250.53,661.68,242.95,661.26,240.0,###
637.26,238.74,638.53,241.68,658.74,236.63,657.47,232.42,###
632.63,261.89,632.21,265.26,653.68,260.21,653.68,257.68,###
226.8,62.4,226.8,76.8,238.8,77.6,240.4,62.4,?
