577.92,467.2,580.48,494.08,446.08,497.92,446.08,474.88,hyluronic
515.2,519.68,515.2,541.44,448.64,541.44,448.64,519.68,acid
667.52,503.04,667.52,527.36,604.8,527.36,604.8,503.04,acid
681.6,581.12,681.6,595.2,606.08,599.04,606.08,581.12,Moisture
681.6,605.44,682.88,620.8,607.36,623.36,607.36,609.28,Emuision
722.56,627.2,726.4,642.56,607.36,645.12,608.64,632.32,SKINSAFETYTESTED
702.08,659.2,702.08,680.96,607.36,680.96,611.2,661.76,It‘SSKIN
552.32,672.0,552.32,692.48,453.76,692.48,455.04,674.56,It‘SSKIN
568.96,638.72,570.24,650.24,531.84,657.92,533.12,645.12,TESTED
529.28,643.84,529.28,656.64,453.76,656.64,453.76,643.84,SKINSAFETY
507.52,622.08,507.52,633.6,456.32,633.6,457.6,622.08,Toner
530.56,597.76,529.28,611.84,453.76,611.84,451.2,599.04,Moisture
237.44,879.36,237.44,890.88,334.72,890.88,334.72,879.36,###
273.28,894.72,273.28,907.52,302.72,907.52,302.72,894.72,###
310.4,897.28,310.4,907.52,371.84,907.52,371.84,897.28,###
208.0,816.64,208.0,828.16,305.28,828.16,305.28,816.64,###
442.24,770.56,442.24,853.76,1115.52,853.76,1115.52,770.56,西瓜小姐日韩代购
435.84,976.64,435.84,1013.76,749.44,1013.76,749.44,976.64,3037274344
439.68,1047.04,439.68,1099.52,606.17,1097.14,611.66,1051.43,店铺名：
439.68,1122.56,439.68,1173.76,744.32,1173.76,744.32,1122.56,韩风少女日记
205.44,1057.28,205.44,1089.28,246.4,1089.28,246.4,1057.28,淘
600.96,460.8,600.96,480.0,737.92,480.0,737.92,460.8,hyluronic
642.74,1047.77,642.74,1098.97,1054.17,1098.97,1054.17,1047.77,西瓜小姐日韩代购
