38.18,32.73,38.18,96.0,238.91,96.0,238.91,32.73,包邮
388.0,45.09,388.0,88.73,473.82,88.73,473.82,45.09,全网
385.82,97.45,385.82,143.27,478.18,143.27,478.18,97.45,最低
494.18,58.91,494.18,125.09,785.09,125.09,785.09,58.91,车载逆变神器
486.91,240.0,486.91,342.55,788.73,342.55,788.73,240.0,爆销款
13.45,137.45,13.45,206.55,293.45,206.55,293.45,137.45,亏本赚人气
190.91,498.18,190.91,508.36,228.73,508.36,228.73,498.18,60V
239.64,498.91,239.64,509.82,270.18,509.82,270.18,498.91,DC
277.45,498.91,277.45,509.82,305.82,509.82,305.82,498.91,TO
313.09,499.64,313.09,510.55,361.82,510.55,361.82,499.64,220V
366.91,501.09,366.91,512.0,395.27,512.0,395.27,501.09,AC
228.0,512.0,228.0,533.09,500.73,533.09,500.73,512.0,电子电源转换器
260.73,542.55,260.73,556.36,341.45,556.36,341.45,542.55,Power
367.64,541.09,367.64,555.64,492.73,555.64,492.73,541.09,inverter
567.64,504.73,567.64,522.91,688.36,522.91,688.36,504.73,中國品牌
580.0,529.45,582.18,561.45,690.55,558.55,690.55,525.82,1800W
620.0,565.82,619.27,573.82,705.09,573.09,703.64,562.91,智能保护
196.73,573.82,196.73,584.73,320.36,580.36,322.55,569.45,淚涌保护
360.36,570.91,358.91,581.82,463.64,578.18,466.55,567.27,反接保护
497.82,565.82,498.55,576.73,592.36,575.27,593.82,565.82,短路保护
390.18,525.82,390.18,525.09,390.91,525.09,390.91,525.82,###
