23.33,58.67,23.33,361.33,118.0,361.33,118.0,58.67,加邦拿
136.67,284.0,136.67,754.67,223.33,754.67,223.33,284.0,牛奶洗面奶
612.67,618.67,622.0,661.33,279.33,733.33,271.33,685.33,娇丽化妆品商行
400.67,766.67,400.67,796.0,610.0,796.0,610.0,766.67,100%实物拍摄
635.33,765.33,635.33,796.0,772.67,796.0,772.67,765.33,盗图必究
564.67,200.0,564.67,605.33,656.67,605.33,656.67,200.0,实物拍摄
684.67,200.0,684.67,606.67,782.0,606.67,782.0,200.0,专柜正品
480.67,409.33,476.67,441.33,418.0,452.0,426.0,416.0,NER
480.67,400.0,480.67,416.0,492.67,416.0,492.67,400.0,?
420.67,414.67,415.33,448.0,294.0,442.67,296.67,412.0,CABELL
336.67,349.33,335.33,357.33,276.67,352.0,276.67,342.67,###
332.67,361.33,335.33,372.0,278.0,365.33,276.67,354.67,###
502.0,344.0,500.67,353.33,467.33,357.33,466.0,348.0,###
447.33,349.33,447.33,357.33,464.67,357.33,464.67,349.33,###
386.0,473.33,386.0,485.33,294.0,474.67,294.0,461.33,Cosmetic
410.0,498.67,410.0,521.33,432.67,521.33,432.67,498.67,拿
371.33,498.67,371.33,524.0,399.33,524.0,399.33,498.67,邦
338.0,496.0,338.0,522.67,362.0,522.67,362.0,496.0,加
334.0,528.0,336.67,540.0,410.0,542.67,408.67,530.67,GEANGZHOU
482.0,534.67,483.33,546.67,428.67,557.33,428.67,546.67,###
359.33,548.0,360.67,558.67,427.33,558.67,427.33,548.0,DEVELOPN
295.33,533.33,295.33,545.33,356.67,558.67,356.67,548.0,###
406.0,582.67,406.0,597.33,355.33,598.67,354.0,586.67,牛奶洗面奶
424.67,610.67,424.67,625.33,347.33,625.33,347.33,610.67,净含量：850ml
447.33,526.67,448.67,538.67,415.33,542.67,412.67,529.33,YIBER
478.0,462.67,478.0,476.0,400.67,484.0,402.0,470.67,Pscduct
