11.56,10.0,11.56,47.5,315.94,47.5,315.94,10.0,皇冠店·正品保证！
49.06,58.13,49.06,92.5,285.31,92.5,285.31,58.13,配止毛修护液
330.94,18.13,330.94,58.75,497.81,58.75,497.81,18.13,全国包邮
339.06,68.13,339.06,116.25,451.79,117.86,452.5,67.14,38.8
447.19,124.38,447.19,457.5,485.31,457.5,485.31,124.38,持久光滑·才够诱惑
237.19,463.13,237.19,490.63,467.19,490.63,467.19,463.13,您身边的正品专柜
44.69,455.63,44.69,491.25,202.19,491.25,202.19,455.63,薇妮美妆
257.81,350.63,257.81,356.25,288.44,356.25,288.44,350.63,###
345.94,325.0,345.94,335.63,405.94,335.63,405.94,325.0,玛贝拉紧致修护液
306.56,332.5,306.56,339.38,257.81,339.38,257.81,332.5,SmoothSkin
257.81,340.0,257.81,344.38,308.44,344.38,308.44,340.0,###
258.44,345.0,258.44,350.0,315.94,350.0,315.94,345.0,###
348.44,345.63,348.44,352.5,384.06,353.75,384.06,346.88,净含量60ml
109.69,398.13,107.5,407.86,64.06,410.0,65.94,400.63,赠送一个刮板
171.56,407.5,171.56,412.5,63.44,417.5,65.31,412.5,###
149.69,415.0,150.31,420.0,62.81,426.25,64.06,419.38,###
182.81,343.13,182.19,358.75,64.69,361.88,64.69,345.63,玛贝拉脱毛膏套装
170.94,360.63,170.94,368.13,64.06,371.25,64.69,363.75,###
202.19,369.38,201.56,375.63,63.44,381.25,65.94,374.38,###
188.44,381.88,189.06,390.0,66.56,396.25,66.56,386.88,###
240.94,400.0,240.94,406.88,220.94,406.88,220.94,400.0,###
240.31,408.75,240.31,413.75,220.94,413.75,220.94,408.75,###
295.31,363.75,295.31,368.75,261.56,368.75,261.56,363.75,###
317.19,308.75,317.19,320.63,256.56,320.63,256.56,308.75,玛贝拉脱毛膏
315.31,322.5,315.31,328.75,257.19,328.75,257.19,322.5,###
399.69,235.63,399.69,245.63,355.94,245.63,355.94,235.63,Mayllie
264.06,240.0,264.06,251.88,211.56,251.88,211.56,240.0,###
280.94,254.38,280.94,260.0,194.06,260.0,194.06,254.38,###
319.69,250.63,319.69,269.38,162.19,269.38,162.19,250.63,WEINISHOP
200.31,201.88,199.69,215.63,120.31,218.75,122.19,206.25,Mayllie
307.81,210.63,307.81,217.5,267.81,220.0,269.06,212.5,Mayllie
199.06,217.5,197.81,228.75,162.19,235.0,164.06,219.38,玛贝拉
307.19,218.75,306.56,225.0,287.81,226.88,287.81,218.75,###
399.06,247.5,399.06,255.0,377.81,255.0,377.81,247.5,###
275.94,143.75,275.94,148.75,280.94,148.75,280.94,143.75,###
274.69,144.38,274.06,148.13,254.69,150.63,255.94,145.63,###
57.19,101.88,57.19,111.88,66.56,111.88,65.94,103.75,此
76.56,102.5,76.56,112.5,67.19,112.5,67.19,102.5,刻
84.69,100.63,84.69,110.0,77.19,111.88,77.19,102.5,净
87.19,100.0,87.81,109.38,104.06,111.25,105.31,101.88,滑
363.44,181.88,363.44,188.13,369.06,188.13,369.06,181.88,###
362.19,183.75,363.44,188.13,351.56,189.38,352.81,183.75,###
351.56,185.0,351.56,190.0,339.69,190.0,339.69,185.0,###
379.69,298.75,379.69,306.88,395.31,306.88,395.31,298.75,###
379.69,307.5,379.69,315.0,394.69,315.0,394.69,307.5,###
173.44,429.38,173.44,437.5,155.94,437.5,155.94,429.38,专业
25.31,166.25,25.31,345.0,27.81,345.0,27.81,166.25,###
20.31,206.88,20.31,300.63,25.31,300.63,25.31,206.88,###
454.64,76.43,454.64,115.71,495.36,115.71,495.36,76.43,元
