208.13,462.0,208.13,518.25,333.38,518.25,333.38,462.0,THE
357.38,462.75,357.38,516.75,544.88,516.75,544.88,462.75,MOST
694.88,28.5,694.88,174.75,726.38,174.75,726.38,28.5,韩国直邮
69.38,90.75,69.38,122.25,142.88,122.25,142.88,90.75,THE
54.38,125.25,54.38,158.25,164.63,158.25,164.63,125.25,MOST
262.13,497.25,262.13,498.0,262.13,498.0,262.13,497.25,###
455.63,504.0,455.63,503.25,456.38,503.25,456.38,504.0,###
52.88,170.25,46.88,177.75,76.88,198.75,79.13,189.75,the-m
80.63,189.0,81.38,199.5,109.88,205.5,112.13,195.0,ost.ta
113.63,193.5,114.38,204.0,144.38,196.5,142.88,187.5,obao.
141.38,186.75,145.88,192.75,166.88,179.25,161.63,171.75,com
50.63,60.0,58.88,75.0,107.63,57.0,105.38,33.75,韩国百
110.63,35.25,110.63,57.75,154.13,72.75,165.38,58.5,货正品
367.79,127.5,368.13,131.25,383.37,132.69,383.37,127.5,###
366.04,68.33,366.04,71.25,388.13,71.25,388.13,68.33,###
