333.75,61.67,333.75,79.17,217.08,79.17,217.08,61.67,Analysis
372.92,61.67,372.92,79.17,345.42,79.17,345.42,61.67,of
206.25,62.5,206.25,77.5,135.42,77.5,135.42,62.5,Trace
346.25,97.5,346.25,114.17,294.58,114.17,294.58,97.5,and
284.58,98.33,284.58,115.0,157.08,115.0,157.08,98.33,Specialty
367.92,133.33,367.92,150.0,288.75,150.0,288.75,133.33,Gases
277.92,133.33,277.92,149.17,134.58,149.17,134.58,133.33,Electronic
290.42,206.67,290.42,220.0,212.08,220.0,212.08,206.67,EDITEDBY
371.25,227.5,371.25,235.83,131.25,235.83,131.25,227.5,WILLIAMM.GFIGERANDMARKW.RAYNOR
19.58,425.0,19.58,467.5,471.25,467.5,471.25,425.0,查书加QQ：3107584210
327.08,466.67,327.08,480.83,388.75,480.83,388.75,466.67,WILEY
