321.05,240.55,321.05,229.09,356.05,232.27,356.05,241.82,ONLY
320.41,244.36,320.41,239.91,356.68,241.82,356.68,246.91,###
222.41,407.91,230.05,358.27,440.05,381.82,439.41,423.18,BEBOLD
51.86,560.64,49.32,510.36,127.59,541.55,119.32,592.45,RUE
60.14,472.82,76.56,504.0,116.14,543.45,122.5,514.18,YAT
259.95,515.45,259.95,502.09,308.32,502.09,308.32,515.45,###
322.32,515.45,322.95,504.64,364.32,507.82,365.59,523.09,###
261.86,458.18,281.59,430.18,398.68,453.73,388.5,483.0,###
290.5,511.0,280.95,462.0,538.05,363.36,549.5,404.73,牛牛家正品代购
293.05,554.91,291.14,536.45,529.77,438.45,532.32,462.0,Tel:13641330944
529.77,548.55,515.14,505.27,588.95,480.45,594.05,532.64,TAY
609.95,507.18,602.95,462.64,528.5,476.64,530.41,513.55,###
371.32,245.64,371.32,239.91,377.68,239.91,377.68,245.64,###
