40.43,40.15,40.43,150.7,63.53,150.7,63.53,40.15,澳洲包邮
71.23,45.1,71.23,59.4,75.63,59.4,75.63,45.1,1
70.68,74.8,70.68,88.55,79.48,88.55,79.48,74.8,0
70.68,104.5,70.68,117.15,78.38,117.15,78.38,104.5,0
70.13,128.7,70.13,149.6,88.28,149.6,88.28,128.7,%
72.33,159.5,72.33,176.55,92.13,176.55,92.13,159.5,正
73.98,187.55,73.98,207.35,91.58,207.35,91.58,187.55,品
213.68,97.9,217.53,102.3,157.03,105.6,155.93,101.75,###
363.83,174.9,363.83,202.95,491.43,202.95,491.43,174.9,下单后采购
351.73,216.7,351.73,240.9,506.28,240.9,506.28,216.7,免费采购视频
303.88,251.35,303.88,278.3,537.63,278.3,537.63,251.35,取货、结账、做记号
375.93,287.1,375.93,312.95,472.18,312.95,472.18,287.1,一镜到底
447.98,328.9,447.98,395.45,475.48,395.45,475.48,328.9,超市、
447.98,414.7,447.98,469.15,475.48,469.15,475.48,414.7,药房
480.98,431.75,480.98,543.4,506.28,543.4,506.28,431.75,亲自采购
342.93,541.2,342.93,547.25,370.98,547.25,370.98,541.2,###
345.13,503.8,348.43,522.5,267.58,539.55,262.63,520.3,Summer
48.13,470.8,48.13,537.9,216.98,537.9,216.98,470.8,注目！！
226.33,158.95,226.33,163.9,241.73,163.9,241.73,158.95,###
284.08,353.1,284.08,360.8,325.33,360.8,325.33,353.1,sukin
276.93,368.5,276.93,378.4,333.58,378.4,333.03,371.25,PURELYAGELESS
245.03,284.35,246.13,294.8,169.13,301.95,169.13,292.05,PURELYAGELESS
240.08,322.3,240.08,333.3,171.88,341.0,171.33,328.9,HYDRATION
235.13,337.7,236.23,349.25,180.68,354.75,180.68,343.75,BOOSTER
229.08,354.75,230.73,361.9,187.28,366.85,187.83,359.15,###
246.68,364.65,246.68,370.7,166.38,379.5,166.93,373.45,###
246.68,371.25,247.23,377.3,168.03,386.65,166.93,380.6,###
231.28,380.6,231.28,385.0,185.63,390.5,185.08,385.55,###
242.83,391.05,243.38,397.65,174.08,405.35,172.98,398.2,###
234.58,407.0,235.13,413.05,180.68,419.65,180.13,413.05,###
117.43,356.4,117.43,364.1,142.18,377.3,141.63,369.05,###
118.53,369.05,118.53,376.2,142.18,388.85,142.18,382.25,###
124.03,383.9,123.48,389.95,142.18,399.85,141.08,393.25,###
230.73,311.3,230.73,319.55,182.33,323.95,182.88,316.25,Botanical
248.33,193.05,248.88,209.0,166.38,215.6,165.28,199.65,###
248.88,210.65,248.88,215.6,165.28,222.75,164.73,217.25,###
346.78,388.3,347.33,397.1,311.58,400.95,312.13,392.15,BOOSTER
320.93,405.35,322.03,409.75,286.28,408.65,286.28,404.25,###
327.53,412.5,327.53,418.0,282.43,417.45,282.43,411.95,###
265.38,387.75,264.83,395.45,308.28,402.05,308.83,393.8,HYDRATION
286.83,382.8,286.28,389.95,323.68,389.95,323.68,383.9,Botanical
307.73,541.2,307.73,546.7,321.48,546.7,321.48,541.2,###
106.46,244.36,99.39,334.71,125.32,342.57,120.61,248.29,###
