231.01,613.21,231.01,658.71,326.68,658.71,326.68,613.21,红色
451.51,529.21,451.51,574.71,544.85,574.71,544.85,529.21,黑色
522.68,9.08,522.68,60.42,698.85,60.42,698.85,9.08,原创手做
177.35,17.15,177.35,62.65,288.18,62.65,288.18,17.15,迎5.1
22.18,24.15,22.18,60.31,157.51,60.31,157.51,24.15,新款特卖
515.68,514.04,515.68,594.54,684.85,594.54,684.85,514.04,###
519.18,601.54,519.18,682.04,681.35,682.04,681.35,601.54,###
630.01,83.54,630.01,105.71,680.18,105.71,680.18,83.54,###
680.18,131.37,680.18,108.04,632.35,108.04,632.35,131.37,###
150.01,131.97,150.01,189.97,264.01,189.97,264.01,131.97,###
149.01,193.97,149.01,249.97,265.01,249.97,265.01,193.97,###
