251.55,581.1,251.55,609.7,541.45,609.7,541.45,581.1,微信：13989457600
358.15,553.8,358.15,582.4,650.65,582.4,650.65,553.8,微信：13989457600
228.15,461.5,228.15,490.1,518.05,490.1,518.05,461.5,微信：13989457600
282.75,351.0,282.75,378.3,480.35,378.3,480.35,351.0,微信：139894
243.75,507.0,243.75,533.0,451.75,533.0,451.75,507.0,旺旺：莲子晓屋
220.35,386.1,220.35,414.7,428.35,414.7,428.35,386.1,旺旺：莲子晓屋
273.65,273.0,273.65,302.9,482.95,302.9,482.95,273.0,旺旺：莲子晓屋
265.85,196.3,265.85,224.9,443.95,224.9,443.95,196.3,婉约江南旗袍
208.65,309.4,208.65,339.3,389.35,339.3,389.35,309.4,婉约江南旗袍
234.65,429.0,234.65,457.6,412.75,457.6,412.75,429.0,婉约江南旗袍
350.35,478.4,350.35,505.7,557.05,505.7,557.05,478.4,旺旺：莲子晓屋
