315.8,427.5,316.34,434.46,372.59,437.68,372.05,429.64,###
319.02,417.32,320.09,425.36,372.05,426.96,372.05,418.93,400-820-3316
320.09,408.75,320.63,417.32,372.05,418.39,371.52,410.36,###
323.3,388.39,321.16,393.75,369.91,395.89,368.3,389.46,###
352.77,396.96,352.77,405.54,361.34,405.54,361.34,396.96,品
330.8,395.36,330.8,405.0,339.91,405.0,339.91,395.36,正
288.48,335.36,288.48,347.14,440.63,345.0,441.16,332.14,*86AAAHA203000276*
307.23,278.57,307.23,291.43,379.02,291.43,379.55,277.5,FC-1JL4G15E4
398.84,278.04,398.84,289.82,469.02,289.82,469.02,278.04,MADEINCHINA
253.13,261.96,253.13,274.82,301.34,274.82,301.34,261.96,28164665
380.09,257.14,380.09,271.07,415.45,271.07,415.45,257.14,GEELY
254.2,241.61,252.05,256.07,306.16,256.07,306.16,240.0,28202348
319.55,241.07,319.55,255.0,362.95,255.0,362.95,241.07,B6000485
373.13,241.07,373.13,252.86,469.02,252.86,469.02,241.07,SERVICENO.28202348
255.8,216.96,255.8,235.18,294.91,233.57,294.91,216.96,MT80
350.09,217.5,350.09,232.5,407.95,232.5,407.95,217.5,06601526
394.02,170.36,391.88,202.5,682.23,202.5,682.23,169.29,思博发动机电脑版
