343.13,273.75,343.13,302.5,371.88,302.5,371.88,276.25,R
380.63,277.5,381.88,303.75,444.38,313.75,445.63,290.0,INS
315.63,308.75,315.63,321.25,359.38,321.25,359.38,308.75,PAR
379.38,312.5,379.38,323.75,388.13,323.75,388.13,312.5,S
163.13,445.0,163.13,490.0,531.88,490.0,531.88,445.0,美人帮俄罗斯代购
161.88,505.0,161.88,548.75,623.13,548.75,623.13,505.0,微信：meirenbang77
325.63,581.25,325.63,597.5,415.63,597.5,415.63,581.25,Tonlque
243.13,578.75,243.13,596.25,314.38,596.25,314.38,578.75,Lotion
240.63,605.0,240.63,618.75,269.38,618.75,269.38,605.0,Iris
240.63,626.25,241.88,638.75,339.38,643.75,339.38,628.75,Sansalcool
239.38,647.5,240.63,657.5,281.88,661.25,283.13,650.0,###
286.88,650.0,286.88,662.5,341.88,662.5,341.88,650.0,###
345.63,651.25,345.63,663.75,366.88,663.75,366.88,651.25,###
424.38,648.75,424.38,662.5,371.88,662.5,371.88,648.75,###
400.63,760.0,400.63,776.25,326.88,781.25,326.88,766.25,Lotion
239.38,757.5,239.38,775.0,315.63,781.25,316.88,763.75,Toning
276.88,790.0,276.88,805.0,309.38,805.0,309.38,790.0,iris
235.63,808.75,233.13,818.75,301.88,826.25,300.63,816.25,Aleohoi
301.88,813.75,301.88,828.75,344.38,828.75,344.38,813.75,-free
284.38,836.25,284.38,848.75,334.38,848.75,334.38,836.25,nation
340.63,837.5,340.63,848.75,359.38,848.75,359.38,837.5,or
391.88,832.5,393.13,843.75,361.88,846.25,361.88,835.0,oily
424.38,825.0,424.38,837.5,395.63,843.75,395.63,831.25,skin
515.63,316.25,513.13,326.25,585.63,335.0,588.13,327.5,###
704.38,347.5,704.38,358.75,748.13,358.75,748.13,347.5,###
495.63,233.75,494.38,241.25,554.38,245.0,553.13,236.25,###
659.38,238.75,658.13,246.25,716.88,252.5,715.63,245.0,###
126.88,303.75,126.88,311.25,196.88,311.25,196.88,303.75,###
40.63,342.5,40.63,358.75,125.63,355.0,124.38,342.5,###
4.38,186.25,1.88,195.0,61.88,196.25,63.13,187.5,###
166.88,203.75,163.13,213.75,229.38,218.75,230.63,211.25,###
518.13,150.0,518.13,158.75,566.88,158.75,566.88,150.0,###
663.13,161.25,663.13,170.0,713.13,170.0,713.13,161.25,###
666.88,491.25,661.88,505.0,696.88,516.25,703.13,502.5,###
711.88,506.25,704.38,518.75,745.63,523.75,748.13,510.0,###
234.38,828.75,236.88,841.25,281.88,847.5,281.88,833.75,Combi
235.63,783.75,236.88,797.5,273.13,802.5,273.13,788.75,With
254.38,536.25,254.38,536.25,255.63,536.25,255.63,536.25,###
249.38,276.25,249.38,303.75,340.63,303.75,340.63,276.25,CLA
