171.86,108.15,171.86,203.51,177.75,203.51,177.75,108.15,###
178.82,134.4,178.82,189.58,185.25,189.58,185.25,134.4,###
187.93,132.79,187.93,140.29,217.93,140.29,217.93,132.79,###
188.46,124.22,188.46,131.18,221.14,131.18,221.14,124.22,###
180.96,104.4,180.43,109.76,217.39,106.01,220.07,101.72,###
449.36,202.55,447.75,206.84,531.86,208.45,533.46,201.48,###
451.5,163.98,448.28,200.95,531.86,202.02,531.32,167.2,SK
417.21,414.82,417.21,422.32,565.61,422.32,565.61,414.82,###
448.82,408.39,448.82,415.35,534.0,415.35,534.0,408.39,###
461.68,329.64,462.75,338.74,567.21,305.53,567.21,297.49,钢筋磨毛微压能量踩脚裤
419.89,326.42,419.89,345.17,529.18,305.53,525.96,291.6,极致舒肌能量裤
3.11,176.24,0.43,202.49,122.57,204.1,123.64,176.24,丝情袜意
630.96,71.24,630.96,98.57,702.21,98.57,702.21,71.24,6501
640.07,29.99,640.07,60.53,678.11,60.53,678.11,29.99,SK
