32.67,29.75,32.67,56.75,74.67,56.75,74.67,29.75,舒适
97.0,29.75,97.0,57.08,139.0,57.08,139.0,29.75,透气
151.67,-0.25,151.67,20.08,234.34,20.08,234.34,-0.25,GRAND
152.34,24.75,152.34,50.41,239.0,50.41,239.0,24.75,HEREAS
155.34,51.38,155.34,88.38,229.34,88.38,229.34,51.38,THE
154.34,90.38,154.34,106.72,230.0,106.72,230.0,90.38,###
152.0,111.38,153.0,137.05,219.34,132.38,222.0,109.72,BRIDC
151.0,142.35,152.34,165.35,198.67,163.35,200.0,140.02,BUII
177.0,172.02,177.0,192.96,194.67,192.96,194.67,169.29,18
31.67,187.96,31.67,207.96,177.0,207.96,177.0,187.96,春秋季新品上架
46.34,218.23,46.34,247.57,164.0,247.57,164.0,218.23,限量特价
56.34,265.5,56.34,288.17,154.0,288.17,154.0,265.5,M-XXXL
78.0,296.2,78.0,313.87,132.0,313.87,131.0,296.54,不褪色
79.34,320.87,79.34,338.54,131.67,338.54,131.67,320.87,不起球
170.34,148.35,170.34,148.02,170.34,148.02,170.34,148.35,###
