24.58,744.56,24.58,791.83,279.85,791.83,279.85,744.56,正品带防伪
54.4,676.92,54.4,738.74,95.85,738.74,95.85,676.92,7
107.49,704.56,107.49,739.47,229.67,739.47,229.67,704.56,年老店
365.67,743.1,365.67,789.65,528.58,789.65,528.58,743.1,领卷满
540.94,726.38,540.94,792.56,608.58,792.56,608.58,726.38,减
619.49,742.38,619.49,791.83,668.22,791.83,668.22,742.38,满
679.13,724.19,679.13,793.29,744.58,793.29,744.58,724.19,赠
540.22,642.01,540.22,702.38,767.85,702.38,767.85,642.01,燕之精品
511.85,626.74,511.85,647.83,529.31,647.83,529.31,626.74,量：
538.76,626.74,538.76,644.92,590.4,644.92,590.4,626.74,150毫升
487.85,566.38,487.85,585.29,580.22,585.29,580.22,566.38,旅情沐浴露
216.58,431.02,216.58,447.02,266.04,447.02,266.04,431.02,玫琳凯
199.13,453.57,199.13,468.11,281.31,468.11,281.31,453.57,旅情沐浴露
461.67,595.47,461.67,608.56,607.13,608.56,607.13,595.47,silkeningShowerGel
197.67,532.92,197.67,543.1,276.94,543.1,276.94,532.92,MARYKAY
179.49,473.85,179.49,487.67,303.13,487.67,303.85,475.31,silkeningShowerGel
486.4,428.92,500.22,468.92,679.13,362.74,660.94,324.19,jour
149.67,372.76,140.94,346.58,346.76,227.31,358.4,246.21,journey
503.85,3.14,444.94,5.97,784.58,355.06,799.13,304.23,100%原装正品带防伪
63.85,772.92,63.85,771.47,63.85,771.47,63.85,772.92,###
