73.92,949.12,73.92,964.48,259.52,964.48,259.52,949.12,給予嬰幼兒皮膚最佳保謢
82.88,881.92,82.88,897.92,265.92,897.92,265.92,881.92,強化皮膚弱酸性保護膜
84.8,853.12,84.8,871.04,210.24,871.04,210.24,853.12,接觸·防衛便疹
82.24,828.8,82.24,849.28,264.64,849.28,264.64,828.8,阻隔排泄物與幼嫩肌膚
70.08,524.16,70.08,559.36,248.0,559.36,248.0,524.16,防衛便疹膏
164.16,398.08,164.16,458.24,247.36,458.24,247.36,398.08,巴
249.28,398.08,249.28,407.68,256.32,407.68,256.32,398.08,R
65.6,364.16,65.6,433.92,161.6,433.92,161.6,364.16,施
320.32,569.6,320.32,597.12,587.84,597.12,587.84,569.6,糖果子香港代购母婴店
432.96,661.12,432.96,676.48,591.04,676.48,591.04,661.12,阻隔排泄物與幼嫩肌膚
433.6,678.4,433.6,697.6,549.44,697.6,549.44,678.4,接觸·防衛便疹
434.24,701.44,434.24,721.28,592.32,721.28,592.32,701.44,強化皮膚弱酸性保護膜
434.88,725.76,434.88,742.4,468.16,742.4,468.16,725.76,功能
431.04,753.92,429.76,768.64,585.92,768.0,585.92,752.64,給予嬰幼兒皮膚最佳保謢
415.04,775.04,415.04,784.64,441.92,789.12,440.64,778.88,用法：
443.2,777.6,443.2,788.48,498.88,789.76,498.88,778.24,更換尿布時
504.64,779.52,504.64,789.76,560.32,788.48,560.96,779.52,###
569.92,773.76,570.56,788.48,592.32,784.0,592.96,773.12,###
446.4,792.96,444.48,803.2,498.24,803.84,500.8,792.96,###
509.12,791.68,511.04,803.84,550.72,802.56,550.72,792.32,轻轻按摩
408.64,839.04,409.92,851.2,450.88,860.8,449.6,846.72,###
523.2,848.0,521.92,862.08,557.76,859.52,562.88,848.0,净容量：
564.16,838.4,566.72,856.96,589.12,853.12,591.04,834.56,100
434.24,497.92,434.24,520.32,574.4,520.32,572.48,489.6,防衛便疹膏
510.4,413.44,511.68,460.8,582.72,456.96,580.8,407.04,巴
584.0,405.76,584.0,414.72,589.76,414.72,589.76,405.76,R
430.4,384.64,430.4,440.32,505.28,440.32,505.28,384.64,施
61.12,834.56,61.12,843.52,71.36,843.52,71.36,834.56,·
64.32,885.76,64.32,892.8,72.0,892.8,72.0,885.76,·
226.24,373.76,233.28,380.8,249.92,362.24,244.8,359.04,skin
564.16,386.56,567.36,392.32,583.36,377.6,580.16,373.76,skin
184.0,370.56,177.6,378.88,203.2,387.84,203.84,380.16,hea
205.12,376.96,206.4,386.56,225.6,386.56,226.24,376.96,lthy
522.56,389.76,522.56,395.52,543.04,401.28,543.04,393.6,hea
544.32,392.32,544.32,400.64,562.24,397.44,564.16,389.76,lthy
536.64,370.56,536.64,389.12,568.64,382.08,571.84,361.6,5.5
195.52,347.52,195.52,371.2,237.76,364.16,237.76,341.12,5.5
185.28,332.16,184.0,353.28,214.72,345.6,214.08,325.12,ph
526.4,358.4,528.32,373.76,552.64,370.56,552.64,351.36,ph
170.56,327.68,174.4,336.0,212.8,318.72,215.36,309.12,ldeol
512.96,355.84,524.48,360.32,551.36,346.24,550.08,336.64,ldeol
554.56,339.2,555.84,346.24,574.4,351.36,576.96,344.96,for
217.92,311.68,217.92,317.44,238.4,328.96,239.04,319.36,for
