27.61,10.23,27.61,70.23,108.07,70.23,108.07,10.23,11
127.84,11.59,127.84,68.86,200.8,68.86,200.8,11.59,11
19.43,71.59,19.43,108.41,218.52,108.41,218.52,71.59,购物狂欢节
254.66,27.27,254.66,72.27,702.61,72.27,702.61,27.27,进店送豪礼买一送一
147.61,147.27,147.61,180.0,290.11,180.0,290.11,147.27,紧致肌肤
105.34,206.59,105.34,229.09,318.07,229.09,318.07,206.59,黑脸娃娃鱼子面膜抗
106.02,230.45,106.02,255.0,302.39,255.0,302.39,230.45,菌消炎，平衡油脂，
106.7,256.36,106.7,278.86,316.02,278.86,316.02,256.36,同时能收缩粗大毛孔
472.84,538.64,472.84,576.14,512.39,576.82,511.02,538.64,+
568.3,525.68,568.3,549.55,624.2,549.55,624.2,525.68,BOBI
567.61,550.91,567.61,557.05,575.11,557.05,575.11,550.91,###
582.61,551.59,582.61,557.05,587.39,557.05,587.39,551.59,###
596.25,550.91,596.25,556.36,599.66,556.36,599.66,550.91,###
606.48,552.27,606.48,557.73,611.93,557.73,611.93,552.27,###
620.11,551.59,620.11,557.73,623.52,557.73,623.52,551.59,###
547.84,573.41,547.84,580.23,650.11,580.23,650.11,573.41,###
650.11,591.82,650.11,595.91,547.84,595.91,547.84,591.82,###
46.02,702.95,46.02,732.27,335.11,731.59,335.8,704.32,购买一盒bobiwater鱼籽
84.89,540.68,84.89,548.18,92.39,548.18,92.39,540.68,###
101.25,541.36,101.25,548.18,106.7,548.18,106.7,541.36,###
114.2,540.0,114.2,548.86,118.98,548.86,118.98,540.0,###
126.48,542.05,126.48,548.18,132.61,548.18,132.61,542.05,###
140.11,542.05,140.11,548.18,144.2,548.18,144.2,542.05,###
161.93,513.41,161.93,535.23,181.7,535.23,181.7,513.41,+
84.2,512.73,84.2,537.95,144.2,537.95,144.2,512.73,BOBI
367.84,435.68,367.84,445.23,78.07,445.23,78.07,435.68,TheSupermeImperialCaviarSkinRenewalSystem
397.16,460.91,397.16,467.05,76.7,467.05,76.7,460.91,###
393.07,477.27,393.07,482.73,77.39,482.73,77.39,477.27,###
191.93,491.59,191.93,498.41,78.07,498.41,78.07,491.59,###
492.61,525.0,492.61,530.45,506.25,530.45,506.25,525.0,###
508.3,527.05,507.61,532.5,523.3,544.09,525.34,541.36,###
523.3,546.82,523.98,566.59,528.07,568.64,527.39,543.41,###
527.39,571.36,513.07,589.09,510.34,584.32,522.61,568.64,###
508.3,585.0,509.66,590.45,485.11,591.14,487.16,585.68,###
466.02,574.77,483.07,590.45,485.11,585.68,472.16,572.73,###
463.3,548.86,463.3,571.36,469.43,571.36,469.43,548.86,###
479.66,527.05,481.7,533.18,469.43,548.18,462.61,547.5,###
482.39,525.68,482.39,531.14,491.93,531.14,491.93,525.68,###
351.48,703.64,351.48,732.27,723.75,732.27,723.75,703.64,送价值150元韩国正品马油膏一盒
