174.3,154.22,173.93,161.02,215.8,162.9,215.8,156.11,340337-DOZ
218.45,156.11,218.45,163.28,238.82,163.28,238.82,156.87,RarC
167.89,168.18,167.89,182.52,243.72,184.41,243.72,171.58,NMB-MAT
249.76,176.86,249.76,183.27,254.66,183.27,255.04,176.11,7
142.61,189.31,143.75,198.78,178.83,200.25,177.7,191.61,MODEL
162.99,201.38,162.23,209.34,224.48,211.57,225.24,203.3,240KL-04W
150.16,210.1,150.16,219.15,169.02,219.15,169.02,210.1,12v
187.13,211.6,187.13,220.28,202.6,220.28,203.35,212.36,DC
227.12,215.0,227.12,219.9,233.91,219.9,233.91,215.0,###
231.27,204.06,232.03,227.83,366.71,228.58,366.71,202.93,现货500台
227.12,202.93,227.12,211.6,233.91,211.6,233.91,202.93,###
148.27,228.17,148.27,233.83,223.35,236.09,223.35,231.19,###
178.08,237.98,178.08,245.15,199.2,245.15,199.58,240.24,Mtor
201.85,239.49,202.22,245.9,245.61,247.41,245.99,242.51,Cotporation
184.11,248.92,184.11,257.97,208.64,257.97,208.26,250.43,MADE
212.03,250.43,212.03,257.6,221.46,257.6,221.46,250.43,IN
224.86,251.18,225.61,258.73,253.53,259.11,252.02,252.32,CHINA
193.17,258.35,193.17,266.27,212.03,266.27,212.03,258.35,RED
221.84,259.86,221.84,267.78,250.89,267.78,250.89,259.86,BLACK
167.51,267.75,167.51,278.69,182.23,278.69,182.23,267.75,CE
219.58,270.77,220.33,280.95,233.54,280.95,231.65,271.52,###
86.78,257.56,86.78,293.78,121.49,293.78,121.49,257.56,鸿
124.88,268.13,124.88,301.7,156.95,301.7,156.95,268.13,星
166.76,278.69,166.76,306.61,225.99,306.61,225.99,278.69,科技
228.25,283.97,228.25,308.12,299.18,308.12,299.18,283.97,旗舰店
78.48,315.29,78.48,330.0,213.16,330.0,213.16,315.29,专业营销各种散热风扇
225.99,320.91,227.12,336.38,295.79,336.41,295.79,319.81,可开发票
233.16,340.56,234.67,351.85,279.56,350.0,279.56,340.56,量大从优
85.27,336.38,85.27,348.83,159.21,348.83,159.21,336.38,100%实物拍摄
169.02,335.25,169.02,347.32,219.58,347.32,219.58,335.25,盗图必究
72.44,344.3,72.44,373.73,221.84,373.73,221.84,344.3,实物拍摄
245.61,344.3,245.61,371.47,380.3,371.47,380.3,344.3,盗图必究
151.67,249.98,151.67,257.53,169.4,257.91,169.02,251.12,M58
