58.55,300.36,58.55,312.73,166.18,312.73,166.18,300.36,Thefineweavepatternis
50.55,313.45,50.55,327.27,174.91,327.27,174.91,313.45,coveredwithwholewholebody
84.0,330.18,84.0,340.36,138.55,340.36,138.55,330.18,coveredwith
35.27,344.73,35.27,356.36,191.64,356.36,191.64,344.73,thewholebodyCreateachangeable
51.27,359.27,51.27,370.91,174.91,370.18,174.91,357.82,senseofhierarchy,fulltone!
86.91,373.09,86.91,383.27,137.82,383.27,137.82,373.09,Collocation
53.45,391.27,53.45,405.09,170.55,405.09,170.55,391.27,simplecoatorcoat,canbe
73.82,408.0,73.82,419.64,153.09,419.64,153.09,408.0,verygoodtobring
82.55,425.45,82.55,440.0,137.09,440.0,137.09,425.45,2016
254.18,321.45,254.18,351.27,705.82,351.27,705.82,321.45,楚希罗R精致高品质/drmlsitaooao.com
