743.37,34.04,708.17,147.69,409.33,147.12,486.63,32.88,ANT
8.37,145.96,8.37,35.19,312.98,35.19,312.98,148.85,ELE
55.67,387.69,55.67,396.35,9.52,396.35,9.52,387.69,Trend
195.29,431.54,195.29,467.31,4.9,467.31,4.9,431.54,BEAUTY
123.75,477.69,123.75,514.04,3.75,514.04,3.75,477.69,EDIT
746.25,795.0,746.25,820.38,595.1,820.38,595.1,795.0,ELEGANT
746.25,827.88,746.25,848.65,536.83,848.65,536.83,827.88,经典造型彰显优雅气质
744.52,855.58,744.52,893.08,548.94,893.08,548.94,855.58,时尚两件套
657.98,906.92,657.98,925.38,587.6,925.38,587.6,906.92,知性高端
743.37,906.35,743.37,924.81,674.71,924.81,674.71,906.35,舞动青春
744.52,933.46,744.52,942.69,509.13,942.69,509.13,933.46,FASHIONISNOTONLYAKINDOFAPPEARANCE,ORAN
744.52,945.0,744.52,953.08,529.9,953.08,529.9,945.0,INNER,POPULARMAYNOTBESUITABLEFORYOU
745.1,954.81,745.1,964.04,475.67,964.04,475.67,954.81,BUTACCORDINTOTHEIROWNCHARACTERISTICSTODRESS
745.1,966.35,745.1,974.42,558.75,974.42,558.75,966.35,UPYOURSELF,YOUBELONGTOTHATKIND
745.1,977.31,745.1,986.54,566.25,986.54,566.25,977.31,MATURE,LADY.ORSIMPLEANDNATURAL
745.1,988.85,745.1,996.35,634.9,996.35,634.9,988.85,ORPURE,ORMOVEMENT
744.52,999.23,744.52,1007.88,573.17,1007.88,573.17,999.23,AFACTTHATCANALLBEFASHIONABLE
68.94,409.62,68.94,420.0,7.79,420.0,7.79,409.62,Fashion
