284.22,642.01,284.22,671.1,399.13,671.1,399.13,642.01,选择晶花
423.85,640.56,423.85,668.92,540.94,668.92,540.94,640.56,选择美味
139.49,567.75,139.49,581.57,260.94,581.57,260.94,567.75,100%实物拍摄版权所有
194.76,530.66,194.76,549.57,283.9,551.05,284.22,530.66,奂博食品
174.4,553.99,173.9,562.99,313.9,562.49,313.4,555.99,shop124066954.taobao.com
282.9,559.55,282.9,573.55,369.4,573.55,369.4,559.55,净含量：1千克
328.9,551.05,328.9,543.05,282.9,543.05,282.9,551.05,生产许可编号
328.4,541.05,328.4,534.55,282.9,534.55,282.9,541.05,产品精准号
336.4,542.05,336.4,549.05,398.4,549.05,398.4,542.05,###
335.92,534.64,335.92,541.8,374.23,541.8,374.23,534.64,###
337.18,526.64,337.18,534.22,399.07,534.22,399.07,526.64,###
336.34,519.06,336.34,525.8,386.02,525.8,386.02,519.06,###
388.97,517.8,388.97,525.8,427.7,525.8,427.7,517.8,###
337.18,510.64,337.18,518.64,381.39,518.64,381.39,510.64,###
384.34,510.64,384.34,516.53,423.92,516.53,423.92,510.64,###
335.92,502.64,335.92,509.38,426.44,509.38,426.44,502.64,###
337.18,496.32,337.18,501.38,398.65,501.38,398.65,496.32,###
402.02,493.38,402.02,501.38,452.13,501.38,452.13,493.38,###
460.13,493.38,460.13,499.69,489.18,499.69,489.18,493.38,###
282.44,503.06,282.44,511.06,332.13,511.06,332.13,503.06,食用方法
282.44,478.64,282.44,486.64,332.13,486.64,332.13,478.64,配料
335.92,487.9,335.92,494.22,346.44,494.22,346.44,487.9,###
349.81,486.64,349.81,493.8,386.44,493.8,386.44,486.64,###
388.55,485.8,388.55,493.38,418.86,493.38,418.86,485.8,###
421.39,485.8,421.39,492.53,452.13,492.53,452.13,485.8,###
460.13,484.95,460.13,492.53,482.86,492.53,482.86,484.95,###
484.97,484.53,484.97,492.11,501.81,492.11,501.81,484.53,###
504.34,484.53,504.34,491.27,530.02,491.27,530.02,484.53,###
491.7,476.95,491.7,482.85,528.76,482.85,528.76,476.95,###
477.81,476.53,477.81,484.53,487.92,484.53,487.92,476.53,###
460.55,477.38,460.55,484.11,474.86,484.11,474.86,477.38,###
421.81,478.64,421.81,484.11,456.34,484.11,456.34,478.64,###
362.86,479.48,362.86,485.38,418.44,485.38,418.44,479.48,###
335.92,479.9,335.92,486.22,359.49,486.22,359.49,479.9,###
472.34,503.9,472.34,511.06,503.92,511.06,503.92,503.9,###
447.49,514.43,447.49,522.01,459.28,522.01,459.28,514.43,###
447.07,523.69,447.07,530.43,460.13,530.43,460.13,523.69,###
447.07,530.85,446.65,536.32,466.44,536.32,466.44,530.85,###
447.07,537.17,447.07,543.9,459.7,543.48,460.97,537.17,###
455.07,543.9,455.07,548.53,487.07,548.53,487.07,543.9,###
447.07,550.22,447.07,556.11,478.65,556.11,478.65,550.22,###
447.07,557.8,447.07,562.85,454.23,562.85,454.23,557.8,###
484.97,555.74,484.97,562.48,506.44,562.48,506.44,555.74,###
487.07,549.0,487.07,555.74,506.44,555.74,506.44,549.0,###
496.34,542.26,496.34,548.58,506.44,548.58,506.44,542.26,###
490.86,535.95,490.86,542.26,506.86,542.26,506.86,535.95,###
490.86,529.63,490.86,536.37,506.44,536.37,506.44,529.63,###
483.7,522.48,483.7,528.37,506.86,528.37,506.86,522.48,###
483.7,512.37,483.7,519.95,529.18,519.95,529.18,512.37,###
515.7,522.48,515.7,528.37,528.76,528.37,528.76,522.48,###
518.65,529.21,518.65,535.11,530.02,535.11,530.02,529.21,###
516.13,535.11,516.13,541.84,529.6,541.84,529.6,535.11,###
515.28,548.16,515.28,554.48,529.6,554.05,529.6,548.16,###
518.23,554.9,518.23,560.37,529.6,560.37,529.6,554.9,###
497.6,567.53,497.6,571.32,531.28,571.32,531.28,567.53,###
281.6,320.14,281.6,335.71,382.65,335.71,382.65,320.14,巧克力饮料粉
389.81,317.61,389.81,336.56,508.55,336.56,508.55,319.34,（可可固体饮料）
468.13,290.24,468.13,296.98,525.81,296.98,525.81,290.24,###
428.55,270.45,428.55,276.35,436.97,276.35,436.97,270.45,###
428.13,277.61,428.13,281.4,438.65,281.4,438.65,277.61,###
282.86,264.98,282.86,273.4,317.81,273.4,317.81,264.98,KING
281.18,274.24,281.18,281.82,316.97,281.82,316.97,274.24,FLOWER
321.18,264.14,318.23,282.24,356.97,282.24,356.97,263.71,晶花
295.49,131.41,292.97,150.78,388.55,149.52,389.39,130.9,FLOWER
299.7,105.31,295.49,130.15,392.34,128.79,392.76,106.99,KING
398.23,107.41,392.76,150.36,496.34,152.79,496.34,110.69,晶花
380.97,45.42,379.28,54.69,485.81,61.84,485.81,51.32,2016/02/25
0.43,267.14,4.69,324.85,153.49,173.39,120.43,143.94,整箱包邮
255.36,1.0,130.56,130.07,162.03,162.07,291.09,30.34,量大优惠
140.16,1.0,0.43,145.0,16.43,196.2,180.16,31.94,江浙沪皖
145.44,532.17,145.44,560.97,160.64,560.97,160.64,532.17,###
