613.93,28.25,613.93,93.64,807.68,93.64,807.68,28.25,疯抢价
541.28,108.98,541.28,188.9,606.67,188.9,606.67,108.98,￥
629.27,108.98,629.27,190.52,846.43,190.52,846.43,108.98,85.8
625.36,201.51,624.43,285.77,793.95,285.77,792.71,202.19,包邮
672.05,345.51,672.05,427.85,756.82,427.85,756.82,345.51,赠
312.82,556.21,312.82,574.78,441.98,574.78,441.98,556.21,DR.MAGIC
33.5,450.46,33.5,473.87,212.72,473.87,212.72,450.46,DR.MAGIC
321.7,581.24,321.7,590.12,433.1,590.12,433.1,581.24,###
325.73,599.0,325.73,606.26,429.07,606.26,429.07,599.0,###
318.47,611.91,317.74,622.16,435.52,623.21,435.52,611.91,###
80.32,596.57,80.32,608.68,211.1,608.68,211.1,596.57,Mega-mushroom
59.33,615.95,59.33,628.87,210.29,628.87,210.29,615.95,RevitalizingEssence
69.02,632.9,67.41,646.63,210.29,649.85,211.1,636.13,灵芝菇菌健肤养分精华素
55.3,483.56,55.3,492.44,210.29,492.44,210.29,483.56,Purification·Energy
29.47,709.59,29.47,723.32,67.41,723.32,67.41,709.59,40ml
137.64,711.21,137.64,728.16,215.14,728.16,215.14,711.21,e1.4fl.oz.
1.21,775.79,1.21,882.35,885.17,882.35,885.17,775.79,灵芝菇菌健肤养分精华素
521.9,691.83,521.9,770.14,885.98,770.14,885.98,691.83,魔法医生面膜1片
615.57,464.3,615.57,472.54,668.85,472.54,668.85,464.3,###
618.11,473.18,618.11,477.62,658.71,477.62,658.71,473.18,###
616.12,493.1,616.12,499.89,635.87,499.18,635.87,492.21,STEP1
616.21,503.62,616.21,507.43,685.35,507.43,685.35,503.62,###
616.84,508.06,616.84,511.87,670.76,511.87,670.76,508.06,###
614.94,513.77,614.94,518.21,625.09,518.21,625.09,513.77,###
631.43,514.41,631.43,517.58,648.56,517.58,648.56,514.41,###
615.57,529.63,615.57,537.87,637.77,537.87,637.77,529.63,STEP2
614.94,540.41,614.31,544.22,672.03,546.12,671.39,541.68,###
615.57,544.85,615.57,549.29,661.24,549.29,661.24,544.85,###
614.31,552.46,614.31,556.27,627.63,556.27,627.63,552.46,###
629.53,553.1,629.53,556.27,648.56,556.27,648.56,553.1,###
682.98,613.76,682.98,620.03,703.87,619.51,703.87,612.72,STEP3
682.98,622.64,682.98,626.82,721.11,626.82,720.59,624.21,###
683.5,630.48,683.5,633.61,697.6,633.61,697.6,630.48,###
702.3,631.0,702.3,634.14,716.93,632.57,716.93,629.44,###
614.03,657.12,614.03,662.87,641.19,665.48,640.67,660.78,###
612.98,664.43,614.03,668.09,639.1,670.18,639.62,666.0,###
642.23,666.0,642.23,670.18,675.14,670.18,675.14,666.0,###
614.55,670.7,614.55,674.36,667.31,675.92,667.31,671.75,###
682.98,635.7,682.98,638.84,694.47,638.84,694.47,635.7,###
700.74,635.7,700.74,638.32,717.45,638.32,717.45,635.7,###
683.5,639.88,683.5,642.49,696.04,642.49,696.04,639.88,###
701.26,640.4,701.26,644.06,717.97,644.06,717.97,640.4,###
737.3,613.76,737.3,619.51,757.15,619.51,756.63,612.2,STEP3
787.45,612.72,786.92,618.99,806.77,618.99,807.3,612.2,STEP3
837.07,615.33,838.12,621.6,858.49,621.08,857.96,614.29,STEP3
736.78,623.69,736.78,626.82,772.82,626.82,772.82,623.69,###
735.21,630.48,735.21,633.61,751.4,633.61,751.4,630.48,###
735.73,635.18,735.73,638.84,747.75,638.84,747.75,635.18,###
753.49,630.48,753.49,634.14,770.73,634.14,770.73,630.48,###
752.97,636.23,752.97,638.84,771.25,638.84,771.25,636.23,###
753.49,640.4,753.49,643.02,771.25,643.02,771.25,640.4,###
735.21,639.88,735.21,642.49,748.27,642.49,748.27,639.88,###
786.92,623.17,786.92,626.82,823.49,626.82,823.49,623.17,###
785.88,629.96,785.88,633.61,800.51,633.61,800.51,629.96,###
804.16,631.0,804.16,634.14,821.4,634.14,821.4,631.0,###
785.88,635.18,785.88,638.32,797.89,638.32,797.89,635.18,###
804.16,635.7,804.16,639.36,820.88,639.36,820.88,635.7,###
784.84,639.36,784.84,643.54,798.94,643.54,798.94,639.36,###
803.12,640.93,803.12,644.06,819.83,644.06,819.83,640.93,###
837.59,625.26,837.59,628.39,875.72,628.39,875.72,625.26,###
836.03,632.57,836.03,635.18,851.7,635.18,851.7,632.57,###
855.88,632.57,855.88,635.7,872.59,635.7,872.59,632.57,###
855.35,637.27,855.35,640.93,873.64,640.93,873.64,637.27,###
854.83,641.97,854.83,645.11,871.55,645.11,871.55,641.97,###
836.55,636.75,836.55,640.4,848.04,640.4,848.04,636.75,###
836.03,641.97,836.03,645.11,849.08,645.11,849.08,641.97,###
705.96,510.34,705.96,514.0,713.8,514.0,713.8,510.34,###
700.74,513.47,700.74,516.61,716.93,516.61,716.93,513.47,###
758.2,510.34,758.2,514.0,766.03,514.0,766.03,510.34,###
755.06,513.47,755.06,517.13,769.69,517.13,769.69,513.47,###
807.82,511.38,807.82,513.47,816.7,513.47,816.7,511.38,###
805.73,514.0,805.73,516.08,819.83,516.08,819.83,514.0,###
859.01,511.91,859.01,516.08,868.41,516.08,868.41,511.91,###
856.4,516.08,856.4,518.7,871.02,518.7,871.02,516.08,###
236.36,338.48,236.36,348.93,267.18,353.11,267.71,340.57,###
235.32,359.38,236.36,368.78,292.78,372.44,292.26,364.6,###
234.8,373.48,235.32,381.84,285.47,381.84,287.03,375.05,###
235.32,386.54,235.32,394.9,272.41,394.9,272.41,386.54,###
236.36,398.03,236.36,406.39,265.09,406.39,265.09,398.03,###
236.89,410.05,236.89,418.4,263.0,418.4,263.0,410.05,###
235.32,422.58,235.32,429.9,262.48,429.9,262.48,422.58,###
236.36,435.64,236.36,441.91,260.39,441.91,260.39,435.64,###
236.89,448.7,236.89,457.06,260.92,457.06,260.92,448.7,###
235.84,460.72,235.84,471.68,260.92,471.68,260.92,460.72,###
235.32,475.86,235.32,486.31,261.44,486.31,261.44,475.86,###
236.89,492.06,236.89,500.41,261.96,500.41,261.96,492.06,###
237.41,505.64,237.41,514.52,261.44,514.52,261.44,505.64,###
237.41,521.83,237.41,530.71,260.92,530.71,260.92,518.17,###
236.36,535.93,236.36,545.34,260.39,545.34,260.39,535.93,###
236.89,551.6,236.36,559.44,260.92,558.92,260.92,550.04,###
236.36,570.41,236.36,580.86,261.44,580.86,260.92,568.32,###
235.32,590.26,235.32,599.66,251.51,599.66,251.51,590.26,###
237.41,617.42,237.41,625.78,247.86,625.78,247.86,617.42,###
235.84,644.58,235.84,655.55,248.38,655.55,248.38,644.58,###
259.35,628.91,259.35,638.84,264.57,638.84,264.57,628.91,###
261.44,641.45,261.44,652.42,267.18,652.42,267.18,641.45,###
261.44,655.03,261.44,664.43,268.75,664.43,268.75,655.03,###
261.44,667.04,261.44,677.49,272.41,677.49,272.41,667.04,###
260.39,682.19,259.35,691.07,276.59,691.07,272.93,680.63,###
236.89,673.31,236.89,683.76,250.99,682.19,249.95,671.22,###
235.84,702.04,237.41,711.97,281.81,703.09,278.68,693.16,###
259.87,710.4,258.83,720.85,277.63,716.67,279.72,706.74,###
161.78,557.22,161.78,562.22,178.99,570.54,180.65,566.1,###
181.76,567.77,186.76,571.1,201.19,564.44,198.97,558.33,###
154.57,541.13,154.57,545.01,175.66,545.01,175.66,541.13,###
191.2,541.68,191.2,545.57,208.4,545.57,208.4,541.68,###
156.79,531.69,159.56,536.69,177.32,523.37,171.22,515.6,###
175.66,514.49,175.66,522.25,188.42,522.25,188.42,514.49,###
189.53,520.04,200.63,538.35,207.29,535.02,193.97,515.6,###
632.42,681.54,632.42,684.87,642.97,684.87,642.97,681.54,###
649.07,681.54,649.07,684.87,665.17,684.87,665.17,681.54,###
616.33,681.54,616.33,685.43,627.98,685.43,627.98,681.54,###
