38.67,23.11,38.67,49.78,119.56,49.78,119.56,23.11,新加坡
143.56,24.89,143.56,51.56,224.44,51.56,224.44,24.89,凯伊秀
36.89,64.89,36.89,96.0,228.0,96.0,228.89,66.67,Bio-essence
161.33,288.89,161.33,305.78,188.0,305.78,188.0,288.89,Bio
196.0,288.89,196.89,304.89,269.78,306.67,269.78,290.67,Platinum
172.89,312.89,172.89,328.0,195.11,328.0,195.11,312.89,BB
257.33,328.0,257.33,313.78,200.44,313.78,200.44,328.0,Cream
203.11,340.44,203.11,352.89,227.11,352.89,227.11,340.44,Plus
176.44,361.78,176.44,373.33,252.89,373.33,252.89,361.78,Multi-effects
178.22,456.0,178.22,484.44,252.0,484.44,252.0,456.0,10IN1
144.44,483.56,146.22,496.89,286.67,498.67,287.56,483.56,Nude,Natural Makeup for
127.56,496.89,128.44,512.0,307.11,514.67,308.89,498.67,Younger,Flawless&Glowing Skin
573.78,216.89,573.78,234.67,668.0,234.67,668.0,216.89,随机小样2个
523.11,20.44,525.78,72.89,776.44,72.89,776.44,20.44,裸妆遮瑕强
597.78,264.0,597.78,275.56,656.44,275.56,656.44,264.0,Bio-essence
596.0,290.67,596.0,311.11,658.22,311.11,658.22,290.67,8效合一
596.0,316.44,596.0,331.56,658.22,331.56,658.22,316.44,有效遮瑕
595.11,336.0,595.11,351.11,659.11,351.11,659.11,336.0,瓷肌柔滑
567.56,352.89,567.56,362.67,588.89,362.67,588.89,352.89,遮瑕
612.89,362.67,612.89,370.67,636.89,370.67,636.89,362.67,###
615.43,380.57,614.67,387.56,636.89,387.56,636.0,382.86,###
521.33,376.89,521.33,384.89,571.11,384.89,572.0,376.89,###
520.44,385.78,520.44,391.11,570.22,391.11,570.22,385.78,###
530.22,392.0,530.22,396.44,560.44,396.44,560.44,392.0,###
672.44,322.67,672.44,336.0,693.78,336.0,693.78,322.67,角质
679.56,336.89,679.56,349.33,700.0,349.33,700.0,336.89,细滑
671.56,354.67,671.56,365.33,683.11,365.33,683.11,354.67,###
674.86,372.57,673.33,381.33,688.44,381.33,688.57,372.57,###
714.22,391.11,714.22,382.22,671.56,382.22,671.56,391.11,###
683.11,401.78,683.11,408.0,700.0,408.0,700.0,401.78,###
674.22,400.89,674.22,408.0,682.22,408.0,682.22,400.89,###
703.56,413.33,703.56,408.0,673.33,408.0,673.33,413.33,###
673.33,301.33,673.33,307.56,696.44,307.56,696.44,301.33,###
24.44,732.44,24.44,790.22,372.0,790.22,373.78,728.89,买2送精油皂
447.56,747.56,447.56,795.56,772.0,795.56,772.0,747.56,领券下单更优惠
135.56,228.44,135.56,255.11,292.0,255.11,292.0,228.44,Bio-essence
530.55,272.0,530.55,278.55,560.36,278.55,560.36,272.0,###
532.73,280.0,532.73,285.82,558.18,285.82,558.18,280.0,###
537.09,286.55,537.09,290.18,553.09,290.18,553.09,286.55,###
538.55,309.82,538.55,317.82,551.64,317.82,551.64,309.82,###
533.45,317.09,533.45,320.73,559.64,320.73,559.64,317.09,###
535.64,322.18,535.64,325.09,557.45,325.09,557.45,322.18,###
