35.63,296.25,35.63,382.5,464.38,382.5,464.38,296.25,包邮送礼品
454.38,602.5,454.38,618.75,369.38,618.75,369.38,602.5,Supreme
353.13,636.25,353.13,655.0,392.34,653.44,397.03,637.5,UND
396.88,638.75,395.16,654.38,486.88,665.0,486.88,645.0,ERCOVER
375.63,656.25,375.63,667.5,399.38,667.5,399.38,656.25,###
401.88,658.75,404.38,671.25,468.13,677.5,465.63,662.5,###
215.63,660.0,214.38,673.75,131.88,683.75,135.63,668.75,Supreme
251.88,695.0,251.88,715.0,106.88,721.25,105.47,701.25,UNOERCOVER
131.88,722.5,131.88,736.25,239.38,736.25,239.38,718.75,###
141.88,147.5,141.88,157.5,88.13,157.5,88.13,147.5,Supreme
426.88,148.75,426.88,158.75,371.88,158.75,371.88,148.75,Supreme
633.13,228.75,635.63,236.25,676.88,248.75,679.38,241.25,Supreme
614.38,241.25,610.63,251.25,685.63,272.5,689.38,261.25,UNOERCOVER
690.63,255.0,690.63,265.0,696.88,265.0,696.88,255.0,###
620.63,256.25,618.13,265.0,675.63,278.75,675.63,270.0,###
366.88,183.75,366.88,192.5,433.13,192.5,433.13,183.75,###
353.13,167.5,353.13,181.25,445.63,181.25,445.63,167.5,UNOERCOVER
444.38,160.0,444.38,171.25,453.13,171.25,453.13,160.0,###
78.13,183.75,78.13,191.25,149.38,191.25,149.38,183.75,###
69.38,167.5,69.38,180.0,159.38,180.0,159.38,167.5,UNOERCOVER
160.63,161.25,160.63,170.0,168.13,170.0,168.13,161.25,###
666.88,515.0,666.88,527.5,591.88,540.0,590.63,530.0,UNOERCOVER
648.13,500.0,650.63,512.5,606.88,521.25,605.63,511.25,Supreme
653.13,532.5,653.13,538.75,604.38,546.25,605.63,540.0,###
