628.4,714.4,628.4,750.4,706.8,750.4,706.8,714.4,實拍
66.8,636.8,66.8,672.8,137.2,672.8,137.2,636.8,顶级
40.4,682.4,40.4,712.8,173.2,712.8,173.2,682.4,貂皮大衣
68.4,716.0,68.4,731.2,131.6,731.2,131.6,716.0,带你穿越
70.8,733.6,70.8,748.0,132.4,748.0,132.4,733.6,时尚新城
13.2,311.2,13.2,329.6,143.6,329.6,143.6,311.2,超人气宝贝大回馈
152.4,264.8,152.4,331.2,193.2,331.2,193.2,264.8,2
208.4,294.4,208.4,328.8,232.4,328.8,232.4,294.4,折
150.0,203.2,150.0,243.2,181.2,243.2,181.2,203.2,啦
8.4,198.4,8.4,305.6,154.0,305.6,154.0,198.4,降价
110.8,28.0,110.8,66.4,222.8,66.4,222.8,28.0,雪山狐
225.2,52.0,225.2,62.4,298.0,62.4,298.0,52.0,XOESHANHU
585.2,676.0,585.2,783.2,781.2,783.2,781.2,676.0,100%
227.6,39.2,227.6,51.2,275.6,51.2,275.6,39.2,顶级裘皮
10.0,46.4,10.0,111.2,363.6,111.2,363.6,46.4,FASHION
229.2,142.4,218.0,164.0,241.2,174.4,254.0,148.8,全
215.6,168.8,207.6,192.0,230.8,203.2,243.6,177.6,场
206.8,197.6,196.4,219.2,222.0,228.0,230.8,205.6,包
194.8,224.8,185.2,247.2,207.6,259.2,220.4,235.2,邮
