11.33,16.0,11.33,53.33,268.67,53.33,268.67,16.0,JINGMI景蜜
267.14,8.0,267.14,22.86,282.57,22.86,283.71,8.57,?
90.0,56.0,90.0,92.0,258.0,92.0,258.0,56.0,官方旗舰店
596.67,305.33,596.67,330.67,671.33,330.67,671.33,305.33,14-16款林肯MKZ
783.33,653.33,786.0,704.0,570.0,737.33,567.33,688.0,高档皮革
784.67,713.33,790.0,761.33,568.67,797.33,570.0,748.0,后备箱垫
34.0,732.0,34.0,788.0,548.67,788.0,548.67,732.0,14-16款林肯MKZ
30.0,694.67,30.0,705.33,374.0,705.33,374.0,694.67,TMEOFFICIALFLAGSHIOSTOREJINGMIEXCLUSIVELEATMERTRLINKMAT
31.33,708.0,31.33,718.67,223.33,718.67,223.33,708.0,CARACCESSORIESCARSEATCUSMIONS
530.0,244.0,530.0,250.67,556.67,250.67,556.67,244.0,###
688.67,242.67,688.67,249.33,707.33,249.33,707.33,242.67,###
568.86,217.71,568.86,212.0,562.0,212.0,562.0,217.71,L
582.0,211.43,582.0,218.29,586.57,218.29,586.57,211.43,I
600.86,210.86,600.86,217.14,608.29,217.14,608.29,210.86,N
620.86,210.29,620.86,216.57,627.14,216.57,627.14,210.29,C
639.14,209.71,639.14,216.57,645.43,216.57,645.43,209.71,O
655.71,211.43,655.71,217.14,661.43,217.14,661.43,211.43,L
671.14,212.0,671.14,217.71,676.86,217.71,676.86,212.0,N
