169.0,411.51,172.04,417.6,205.1,418.04,204.67,411.07,Votive
208.15,410.64,210.76,417.6,253.39,415.86,252.95,409.33,Candle
261.65,406.73,262.96,413.69,308.63,412.38,308.63,406.29,Bougies
312.55,405.86,314.29,411.51,346.48,411.07,347.35,403.25,Votive
197.71,394.98,201.62,403.68,260.35,401.5,259.91,392.37,Candle
267.31,392.37,268.18,401.07,318.2,398.89,318.2,389.32,Cubes
167.69,359.31,168.56,376.27,245.56,374.1,246.43,361.49,TUSCAN
252.95,359.31,257.3,373.23,349.09,367.57,348.22,356.7,VINEYARD
329.08,370.62,329.08,376.27,347.78,374.54,349.09,369.31,###
234.68,167.04,231.2,171.39,251.65,184.0,255.13,179.22,###
256.87,178.78,255.13,183.57,269.05,182.26,268.18,178.35,###
269.92,176.18,272.96,181.83,285.14,172.26,282.1,167.47,###
230.33,95.27,234.68,101.36,258.17,88.74,256.43,78.73,GREE
260.78,78.73,258.61,87.0,287.75,105.7,293.41,95.7,NLEAF
318.2,38.71,387.8,107.44,410.42,87.44,340.39,13.92,还包邮
373.88,0.0,346.91,19.14,428.26,100.05,434.35,63.51,买3送1
