122.5,185.0,122.5,231.0,545.5,231.0,545.5,185.0,桃之妖妖海外代购店
121.5,358.0,121.5,377.0,292.5,377.0,292.5,358.0,桃之妖妖海外代购店
119.5,300.0,119.5,317.0,223.5,317.0,223.5,300.0,damei411
249.5,299.0,249.5,317.0,351.5,317.0,351.5,299.0,damei411
182.5,521.0,182.5,532.0,264.5,532.0,264.5,521.0,TotalAnti-aging
199.5,535.0,199.5,545.0,249.5,545.0,249.5,535.0,Shampoo
201.5,563.0,201.5,571.0,248.5,571.0,248.5,563.0,forOliyScaip
200.33,552.0,201.0,561.33,249.5,563.0,249.5,552.0,###
421.67,456.0,421.67,466.67,457.67,466.67,457.67,456.0,###
393.0,470.0,393.0,484.0,478.33,484.0,478.33,470.0,###
424.33,487.33,424.33,501.33,450.33,501.33,450.33,487.33,###
407.0,506.67,407.0,514.67,469.0,514.67,469.0,506.67,TotalAnti-aging
418.33,516.0,418.33,524.0,457.67,524.0,457.67,516.0,Shampoo
417.67,530.0,416.33,538.0,456.33,537.33,456.33,530.0,###
417.67,538.0,417.67,545.33,456.33,545.33,456.33,538.0,forOliyScaip
203.0,499.33,203.0,516.0,237.67,516.0,237.67,499.33,###
161.0,475.33,161.0,494.67,210.33,494.67,210.33,475.33,###
213.0,476.0,213.0,494.67,279.67,490.67,279.67,470.67,###
194.33,458.0,194.33,471.33,243.0,471.33,243.0,458.0,###
203.0,425.33,205.67,435.33,223.0,435.33,223.0,424.67,Ryo
199.67,324.67,199.67,346.67,219.67,346.67,219.67,324.67,###
433.67,344.67,433.67,360.67,448.33,360.67,448.33,344.67,###
414.33,372.0,414.33,421.33,463.0,421.33,463.0,372.0,呂
427.0,422.0,427.0,432.67,444.33,432.67,444.33,422.0,Ryo
174.33,359.33,174.33,421.33,244.33,421.33,244.33,359.33,呂
