587.6,620.8,589.2,632.8,642.0,628.8,641.2,618.4,KD175
574.0,592.0,562.0,615.2,665.2,611.2,668.4,587.2,KEDA
308.4,611.2,308.4,664.8,367.6,664.8,367.6,611.2,送
39.6,611.2,39.6,749.6,217.2,728.8,213.2,575.2,49
82.0,440.8,94.0,514.4,392.4,459.2,389.2,384.0,女士拔毛器
106.0,376.0,111.6,420.8,399.6,367.2,397.2,324.0,夏天不用在尴尬！
18.8,266.4,20.4,350.4,342.8,291.2,340.4,208.8,双排夹轮
20.4,168.0,19.6,261.6,337.2,208.8,342.0,119.2,连根拔起
34.0,39.2,35.6,81.6,234.8,82.4,235.6,39.2,KEDA柯达
614.0,320.0,614.0,333.6,622.0,333.6,622.0,320.0,2
614.0,336.0,614.0,348.0,620.4,348.0,620.4,336.0,1
4.4,711.2,9.2,750.4,34.8,748.8,34.8,704.8,￥
