120.0,9.3,111.86,53.46,15.25,54.91,18.89,8.14,皎洁
275.74,120.29,272.25,151.67,209.64,152.54,209.64,122.03,皎洁
229.68,158.64,229.68,167.36,272.4,167.36,272.4,158.64,###
177.38,160.39,177.38,169.97,220.1,169.97,220.1,160.39,###
310.75,121.16,310.75,202.23,358.69,202.23,358.69,121.16,特效
314.24,214.43,314.24,264.12,380.48,264.12,380.48,214.43,灭
363.92,298.98,363.92,263.24,311.62,263.24,311.62,298.98,蝇
338.64,301.6,338.64,349.54,389.2,349.54,389.2,301.6,香
404.02,286.78,404.02,299.85,432.78,299.85,432.78,286.78,微毒
395.3,217.92,395.3,275.45,403.15,275.45,403.15,217.92,###
387.46,218.79,387.46,299.85,396.17,299.85,396.17,218.79,###
381.35,218.79,381.35,297.24,388.33,297.24,388.33,218.79,###
287.21,351.28,287.21,373.94,347.36,373.94,347.36,351.28,5双盘
221.84,377.43,221.84,387.02,347.36,387.02,347.36,377.43,特别适用于婴儿及过敏体质者
236.66,393.12,236.66,402.71,329.2,403.29,327.31,393.12,门窗开启，同样有效
366.54,391.38,370.89,401.84,341.26,414.91,338.64,403.58,用品厂
334.28,404.45,338.64,416.66,304.65,424.5,305.52,411.43,洁卫生
304.65,412.3,304.65,425.37,271.09,426.54,270.65,414.91,府区胶
268.04,413.17,267.17,427.12,223.58,416.66,225.33,406.2,城市东昌
197.43,390.51,191.33,400.97,220.1,414.04,226.2,402.71,###
323.82,233.61,327.31,252.78,180.0,294.62,171.28,272.83,合格2017/10/20
177.38,231.86,177.38,242.32,224.45,242.32,224.45,231.86,950424
230.56,232.74,230.56,240.58,274.14,240.58,274.14,232.74,101194
165.18,234.48,165.18,243.2,171.28,243.2,171.28,234.48,6
450.22,236.22,450.22,278.93,459.8,278.06,460.68,236.22,###
448.47,210.94,448.47,230.12,458.93,230.12,458.93,210.94,宾馆
451.09,184.79,457.19,202.23,447.6,205.71,442.37,188.28,娱乐
424.94,141.21,418.84,145.57,440.63,183.05,447.6,176.08,适用于餐馆
399.66,111.57,391.81,115.93,415.35,140.34,421.45,135.11,产生污染
370.89,91.53,365.66,98.5,394.43,115.93,397.92,109.83,家庭用品
322.95,72.35,320.34,80.19,363.05,95.88,366.54,87.17,###
263.68,67.12,265.42,76.71,315.98,79.32,315.11,69.73,苍蝇熏出杀死
261.94,69.73,262.81,78.45,225.33,87.17,223.58,75.84,能将隐藏的
221.84,78.45,224.45,88.04,193.95,101.98,190.46,91.53,后其烟雾
190.46,94.14,193.95,101.98,180.87,110.7,178.26,101.98,使用
172.15,106.34,180.87,109.83,153.85,135.98,145.13,131.62,苍蝇产品
143.39,134.24,154.72,136.85,133.8,164.75,125.08,159.52,###
125.08,161.26,113.75,190.9,122.47,192.64,132.93,164.75,###
112.88,192.64,105.91,221.4,115.5,222.28,121.6,195.25,###
105.04,224.02,105.04,248.43,114.62,248.43,114.62,224.02,###
104.16,249.3,107.65,281.55,118.11,279.81,114.62,251.04,###
59.71,460.24,59.71,499.47,237.53,499.47,237.53,460.24,特效灭蝇
276.75,459.37,276.75,498.59,451.96,498.59,451.96,459.37,气味芳香
379.61,126.39,379.61,164.75,393.56,164.75,393.56,126.39,驱蚊草
296.8,142.08,296.8,271.96,309.01,271.96,309.01,142.08,添加天然驱蚊草提取成份
119.42,5.23,118.26,16.27,128.13,16.27,128.13,6.39,?
276.9,121.45,276.9,130.75,286.2,130.75,286.2,121.45,?
