401.56,782.5,401.56,796.88,560.94,796.88,558.44,785.0,多重防嗮美白隔离防晒乳
400.94,762.5,400.94,773.13,512.19,773.13,512.19,762.5,SUNSCREENLODON
429.69,717.5,429.69,732.5,472.19,732.5,472.19,717.5,SPF30
479.06,718.75,479.06,730.63,529.06,730.63,529.06,718.75,PA+++
400.31,746.25,400.31,756.88,580.94,756.88,580.94,746.25,MULTPLEWHIENINCOOLADON
402.19,672.5,402.19,684.38,459.06,684.38,459.06,672.5,DAMAGE.
465.31,673.75,465.31,683.75,510.31,683.75,510.31,673.75,CREATE
517.81,674.38,517.81,683.75,566.56,683.75,566.56,674.38,BEYOND
574.06,674.38,574.06,685.0,582.19,685.0,582.19,674.38,A
401.75,658.0,401.75,669.0,444.75,669.0,444.75,658.0,PERFECI
448.75,659.0,448.75,669.5,511.75,669.5,511.75,659.0,RESSTANC
516.25,659.5,516.25,669.5,529.75,669.5,529.75,659.5,TO
533.25,660.0,533.25,668.5,583.25,668.5,583.25,660.0,UVNUNB
401.25,643.0,401.25,652.5,453.25,652.5,453.25,643.0,VARIOUS
461.25,644.5,461.25,653.5,521.25,653.5,521.25,644.5,NUIRITION
528.25,643.0,528.25,654.0,579.25,654.0,579.25,643.0,ESSENCT
400.25,627.5,400.25,638.5,461.25,638.5,461.25,627.5,AMINERAL
465.25,628.5,465.25,638.0,506.25,638.0,506.25,628.5,ACIVE
508.25,628.0,508.25,637.5,553.75,637.5,553.75,628.0,FACIOR
557.75,629.0,557.75,638.5,583.25,638.5,583.25,629.0,ANO
401.25,595.0,401.25,615.5,583.25,615.5,583.25,595.0,Lntelligence
401.75,536.0,401.75,581.5,532.25,581.5,532.25,536.0,SUN
403.75,186.5,403.75,492.0,438.75,492.0,438.75,186.5,SOCINEL
522.75,192.5,522.75,206.0,545.75,206.0,546.25,195.5,For
551.25,194.0,551.25,206.0,585.75,206.0,585.75,194.0,MEN
128.25,277.0,125.25,301.0,329.25,301.0,329.25,274.5,SOCINEL
165.25,199.5,165.25,269.0,574.75,269.0,574.75,199.5,惠芳美丽城8
66.75,44.5,66.75,114.0,283.25,114.0,283.25,44.5,雪姿兰
307.25,45.0,307.25,114.5,451.25,114.5,451.25,45.0,男士
478.75,43.5,478.75,113.5,696.25,113.5,696.25,43.5,防晒乳
142.75,365.5,142.25,407.0,255.75,399.0,255.75,360.5,SUN
142.75,415.0,143.25,435.0,299.75,432.5,298.25,409.5,Lntelligence
145.25,447.0,142.25,456.0,189.75,453.0,191.25,442.5,AMINERAL
194.75,442.0,194.75,450.5,229.75,450.5,229.75,442.0,ACIVE
233.75,441.0,233.25,451.0,274.25,453.0,273.75,443.5,FACIOR
278.25,442.5,278.25,453.0,300.75,453.0,299.75,444.0,ANO
141.75,462.0,142.75,470.0,183.75,467.0,183.75,458.5,VARIOUS
191.25,456.5,191.25,465.5,244.75,465.5,244.75,456.5,NUIRITION
251.25,455.5,251.25,464.0,296.25,468.0,296.25,457.0,ESSENCT
143.75,474.5,141.75,483.5,176.75,481.5,176.75,471.5,PERFECI
180.25,470.5,178.75,479.0,235.25,479.5,233.75,470.0,RESSTANC
238.75,468.5,238.75,479.0,253.25,479.0,253.25,468.5,TO
255.75,470.5,255.75,480.5,299.75,480.5,299.75,470.5,UVNUNB
142.75,488.5,143.25,498.5,188.75,495.5,186.75,484.0,DAMAGE.
193.75,483.5,194.75,495.0,235.25,493.0,236.25,482.5,CREATE
241.75,483.5,241.75,493.5,286.75,493.5,286.75,483.5,BEYOND
291.75,485.5,291.75,495.0,299.75,495.0,299.75,485.5,A
142.25,501.5,143.75,512.5,180.25,509.0,180.75,499.0,GENERAL
161.75,525.5,161.75,539.0,200.75,539.0,200.75,525.5,SPF30
205.75,524.5,205.75,537.0,253.25,537.0,253.25,524.5,PA+++
144.75,554.5,143.25,563.0,296.75,562.0,297.75,552.0,MULTPLEWHIENINCOOLADON
144.75,569.0,142.25,580.5,235.75,576.5,234.75,566.0,SUNSCREENLODON
146.25,589.0,145.25,602.5,281.75,600.5,280.75,585.5,多重防嗮美白隔离防晒乳
146.25,642.5,143.75,661.5,197.75,663.0,196.75,641.5,55ge/
204.25,640.0,204.25,658.0,276.25,658.0,276.25,640.0,1.8fl.OZ
400.75,838.0,400.75,860.5,471.75,860.5,471.75,838.0,55ge/
479.75,841.5,479.75,859.5,556.75,859.5,556.75,841.5,1.8fl.OZ
401.25,688.5,401.25,699.5,573.75,699.5,573.75,688.5,GENERALSUNUGHTEXPERENCE
182.75,499.0,183.25,507.5,230.75,506.5,230.25,497.0,SUNUGHT
233.25,498.5,233.25,508.0,291.75,508.0,291.75,498.5,EXPERENCE
