729.38,71.25,729.38,112.5,40.63,112.5,40.63,71.25,weetbix即食燕麦片营养修身早餐麦片
178.13,262.5,179.38,355.0,599.38,363.75,601.88,276.25,Weet-Bix?
338.13,255.0,338.13,265.0,439.38,265.0,439.38,255.0,###
445.63,230.0,445.63,248.75,331.88,248.75,331.88,230.0,Sanitarinm
594.38,383.75,593.13,395.0,516.88,407.5,519.38,391.25,Howdoyou
608.13,395.0,605.63,412.5,535.63,420.0,534.38,406.25,doyours？
698.13,366.25,699.38,375.0,673.13,377.5,674.38,368.75,White
698.13,376.25,698.13,386.25,669.38,391.25,671.88,380.0,Grain
695.63,401.25,694.38,415.0,668.13,418.75,668.13,401.25,Low
694.38,417.5,694.38,426.25,669.38,430.0,670.63,421.25,###
694.38,441.25,694.38,453.75,664.38,453.75,664.38,441.25,###
695.63,455.0,694.38,467.5,663.13,470.0,663.13,455.0,Iron
568.13,475.0,568.13,482.5,588.13,482.5,588.13,475.0,###
599.38,467.5,599.38,473.75,559.38,473.75,559.38,467.5,###
575.63,450.0,575.63,465.0,581.88,465.0,581.88,450.0,5
509.38,468.75,509.38,483.75,540.63,483.75,540.63,468.75,375g
501.88,456.25,501.88,465.0,539.38,465.0,539.38,456.25,###
513.13,448.75,513.13,456.25,539.38,456.25,539.38,448.75,###
211.88,492.5,211.88,523.75,578.13,523.75,578.13,492.5,吴MM澳洲代购直邮店
283.13,542.5,283.13,557.5,551.88,557.5,551.88,542.5,wummaustralia
229.38,606.25,229.38,661.25,723.13,661.25,723.13,606.25,欢乐颂安迪的早餐哦
709.38,338.75,708.13,362.5,671.88,366.25,673.13,342.5,97%
40.63,116.25,40.63,158.75,219.38,158.75,219.38,116.25,原味375g
666.96,20.36,664.82,49.29,688.39,51.43,688.39,20.36,###
733.13,314.25,727.13,328.5,733.13,329.25,740.63,317.25,###
663.38,42.75,661.13,50.25,672.38,63.0,677.63,60.75,###
