43.88,56.25,43.88,111.75,442.88,111.75,442.88,56.25,御熙堂草本泥灸
472.88,69.0,472.88,101.25,505.13,101.25,505.13,69.0,草
536.63,67.5,536.63,101.25,570.38,101.25,570.38,67.5,本
603.38,69.0,603.38,100.5,638.63,100.5,638.63,69.0,配
670.88,68.25,670.88,101.25,700.88,101.25,700.88,68.25,方
67.88,675.0,67.88,735.75,329.63,735.75,329.63,675.0,健脾养胃
395.63,676.5,395.63,737.25,659.63,736.5,659.63,677.25,草本泥灸
468.38,495.75,468.38,507.75,545.63,507.75,545.63,495.75,净含量：500g
244.13,457.5,244.13,465.0,358.13,465.0,358.13,457.5,###
266.63,439.5,266.63,454.5,334.88,454.5,334.88,439.5,草本泥灸
415.88,318.0,415.88,449.25,457.13,449.25,457.13,318.0,藏膏泥
477.38,390.75,477.38,448.5,484.88,448.5,484.88,390.75,###
466.13,390.0,466.13,441.75,475.88,441.75,475.88,390.0,###
463.13,320.25,463.13,347.25,488.63,347.25,488.63,320.25,草
466.13,357.0,466.13,384.75,490.13,384.75,490.13,357.0,本
299.63,301.5,299.63,308.25,307.88,308.25,307.88,301.5,R
254.63,318.0,254.63,357.75,263.63,357.75,263.63,318.0,YUXITANG
249.38,298.5,247.88,316.5,274.13,316.5,274.13,297.0,御
284.63,354.0,284.63,315.0,262.88,315.0,262.88,354.0,熙堂
601.13,446.25,601.13,474.0,706.88,474.0,705.38,444.0,旋转木马
589.13,509.25,589.13,519.75,646.13,518.25,643.88,507.0,shop621975
644.63,504.0,646.88,516.75,687.38,497.25,683.63,488.25,14taobao
684.38,484.5,683.63,493.5,705.38,480.75,700.88,472.5,.com
637.13,477.0,637.13,495.0,673.88,495.0,673.88,477.0,美业
