14.67,70.22,14.67,120.89,234.86,120.0,235.11,70.22,购物狂欢
88.44,119.11,106.86,132.57,145.33,138.67,145.33,119.11,2014
350.67,4.44,354.22,28.44,204.89,37.33,202.22,15.11,oldensun
2.22,37.33,1.33,57.78,54.67,52.44,52.0,32.0,###
116.89,177.78,117.78,204.44,4.0,211.56,3.11,184.89,omyou
100.89,256.89,100.89,283.56,-0.44,289.78,0.44,264.89,###
63.56,411.56,63.56,450.67,44.89,450.67,44.89,411.56,I
34.22,424.89,34.22,454.22,0.44,454.22,0.44,424.89,###
71.56,509.33,71.56,536.0,3.11,538.67,3.11,509.33,side
72.44,591.11,72.44,610.67,0.44,608.89,7.56,590.22,love
84.89,645.33,84.89,656.89,21.78,656.89,21.78,645.33,you
172.89,311.11,172.89,328.0,238.67,328.0,238.67,311.11,磨砂粒子
163.11,278.22,163.11,309.33,272.44,309.33,272.44,278.22,燕麦精華
165.78,253.33,165.78,273.78,219.11,273.78,219.11,251.56,NEW
591.56,261.33,591.56,287.11,534.67,290.67,532.89,265.78,NEW
642.22,286.22,641.71,318.86,534.67,326.22,534.67,296.0,天然蘆薈
606.67,325.33,606.67,344.89,545.33,344.89,545.33,325.33,清爽因子
660.89,435.56,660.89,457.78,542.67,457.78,545.33,440.0,LyFamily
657.33,429.33,657.33,437.33,666.22,437.33,666.22,429.33,###
644.89,463.11,644.89,481.78,563.11,481.78,563.11,463.11,小琳家族
287.56,427.56,287.56,447.11,169.33,447.11,169.33,427.56,LyFamily
284.0,419.56,284.0,427.56,295.56,427.56,295.56,419.56,?
188.89,453.33,188.89,472.0,268.89,472.0,268.89,453.33,小琳家族
267.11,449.78,267.11,457.78,276.89,457.78,276.89,449.78,###
282.22,496.89,282.22,510.22,177.33,510.22,177.33,496.89,totalmoisture
279.56,516.44,279.56,529.78,182.67,529.78,182.67,516.44,nourishing
250.22,549.33,249.33,558.22,143.56,554.67,140.89,547.56,###
233.33,562.67,233.33,570.67,143.56,566.22,141.78,560.0,###
224.44,573.33,225.33,581.33,141.78,577.78,140.89,568.89,###
144.44,570.67,144.44,569.78,144.44,569.78,144.44,570.67,###
141.78,580.44,144.44,589.33,214.67,593.78,212.89,584.89,###
236.0,610.67,236.89,620.44,143.56,616.89,142.67,606.22,pureoatextract+
210.22,625.78,210.22,638.22,142.67,634.67,143.56,620.44,particies
145.33,641.78,147.11,651.56,190.67,656.0,190.67,648.0,###
145.33,651.56,146.22,662.22,183.56,666.67,183.56,657.78,###
145.33,664.0,144.44,673.78,198.67,680.0,198.67,671.11,###
148.0,674.67,148.0,685.33,189.78,690.67,190.67,680.0,###
147.11,688.89,145.33,698.67,207.56,704.89,205.78,696.0,###
503.56,631.11,503.56,642.67,575.56,648.89,575.56,638.22,particies
501.78,653.33,500.0,663.11,556.89,668.44,556.0,659.56,###
503.56,666.67,504.44,673.78,543.56,678.22,543.56,671.11,###
501.78,677.33,501.78,685.33,558.67,691.56,557.78,680.89,###
500.89,688.89,500.89,697.78,548.0,704.0,547.11,694.22,###
501.78,700.44,500.0,708.44,567.56,716.44,568.44,707.56,###
504.44,579.56,502.67,587.56,577.33,592.89,577.33,584.0,###
505.33,590.22,506.22,599.11,598.67,606.22,599.56,597.33,###
633.33,558.22,633.33,568.89,506.22,566.22,504.44,555.56,###
602.22,574.22,602.22,582.22,508.0,577.78,507.11,571.56,###
651.11,506.67,651.11,520.89,552.44,520.89,552.44,509.33,totalmoisture
652.89,528.0,652.0,541.33,549.78,543.11,548.89,528.89,aloetresh
51.11,16.89,51.11,70.22,112.44,70.22,112.44,16.89,11
140.0,16.89,140.0,70.22,202.22,70.22,202.22,16.89,11
501.78,616.89,501.78,625.78,537.33,629.33,538.22,621.33,Scurb
540.89,620.44,540.89,631.11,576.44,631.11,576.44,620.44,aloe+
491.11,516.44,491.11,648.89,769.33,648.89,769.33,516.44,勿宁
490.86,652.57,490.86,784.0,772.0,784.0,772.0,652.57,###
