57.44,244.32,106.06,290.15,112.44,283.76,63.56,239.04,Which35正品代购
0.5,192.93,42.44,233.21,48.0,226.82,0.22,180.99,hich35正品代购
165.22,218.76,160.78,224.32,206.06,265.99,212.17,260.99,Which35正品代购
216.33,273.21,245.78,300.99,249.39,294.04,222.44,269.04,Which35正品代
110.22,178.76,145.78,212.37,153.56,205.99,115.22,174.04,ch35正品代购
25.78,178.76,25.78,194.6,90.22,194.6,90.22,178.76,皇冠代购
93.0,183.21,93.0,193.49,228.0,193.49,228.0,183.21,shop35362858.taobao.com
26.06,163.42,26.06,175.65,88.28,175.65,88.28,163.42,100%正品
86.89,153.42,86.89,180.92,219.11,180.92,219.11,154.53,which35
45.22,119.5,88.0,159.5,94.11,152.84,48.83,112.84,Which35正品代购
0.5,78.95,31.61,109.5,37.72,102.28,0.78,69.23,h35正品代购
179.11,132.0,194.94,146.94,198.83,143.89,181.33,128.33,Which
113.56,74.13,161.89,120.0,169.11,113.3,118.0,69.41,Which35正品代购
53.56,20.24,101.89,64.41,107.17,59.69,59.11,16.08,Which35正品代购
32.72,0.8,41.33,11.08,46.89,5.8,43.28,0.8,###
171.61,0.8,161.61,1.08,209.39,47.74,215.5,38.85,35正品代购
225.22,59.41,246.06,76.91,249.39,72.74,229.11,53.85,Which3
245.22,185.68,242.72,191.23,249.11,196.51,249.39,189.84,###
