70.35,89.41,70.35,432.16,120.6,432.16,120.6,89.41,纯天然草木制
171.6,343.66,171.6,666.16,230.1,666.16,230.1,343.66,不含驱蚊胺
544.35,176.41,544.35,686.41,601.35,686.41,601.35,176.41,防蚊虫驱蚊虫喷剂
418.35,16.41,418.35,56.91,731.85,56.91,731.85,16.41,多瑙河畔天使屋
452.1,75.66,452.1,104.91,731.85,104.91,731.85,75.66,空运ENS7天到家！
330.33,602.03,329.92,609.12,382.83,611.2,383.67,604.53,Hatékony
385.75,604.95,386.17,612.87,431.17,608.7,430.33,601.2,védelem
414.5,630.41,414.92,642.91,435.75,639.16,435.75,627.91,100
439.92,626.66,440.33,638.75,452.42,633.75,452.0,623.75,ml
347.42,499.9,347.42,515.32,412.0,515.32,412.0,499.9,Spray
303.25,470.74,304.5,484.49,387.0,487.82,387.83,473.24,kullancs
315.33,444.49,314.92,456.99,443.25,459.07,444.08,444.07,Szúnyog-és
303.25,419.07,303.25,433.65,342.42,433.65,342.42,419.07,Protest
298.67,366.15,298.67,390.32,460.33,390.32,460.33,366.15,NATURLAND
417.0,405.27,416.17,411.99,424.08,412.36,424.08,404.49,a.
425.33,401.15,425.33,412.4,436.58,412.4,436.58,401.15,D.
440.33,401.57,440.33,410.74,456.17,410.74,456.17,401.57,1989
389.92,472.91,389.5,487.91,454.92,484.16,453.25,470.0,riasztó
288.5,424.92,288.14,430.63,295.29,433.13,294.21,425.27,###
288.14,460.0,288.14,467.14,295.29,468.92,294.21,463.57,###
287.79,473.21,288.5,480.35,294.21,482.85,293.86,476.78,###
289.93,496.46,289.93,502.18,298.5,505.39,298.5,498.25,###
287.07,503.29,287.43,508.65,297.43,514.72,297.07,508.65,###
287.07,513.29,287.79,518.29,294.57,522.58,293.86,516.15,###
288.14,524.72,288.5,530.79,297.07,535.08,297.07,530.08,###
287.79,533.65,288.5,539.0,297.07,542.93,297.07,537.58,###
288.86,541.5,289.57,547.58,297.07,550.43,297.07,545.79,###
287.43,550.08,288.86,555.79,297.43,559.36,296.71,553.65,###
288.14,556.86,289.93,563.29,297.07,567.58,297.07,562.22,###
288.86,583.29,288.86,587.93,296.71,591.86,297.07,587.93,###
460.44,422.46,460.44,427.81,467.23,427.81,467.23,422.1,###
460.8,431.39,460.8,437.46,467.23,437.46,467.23,431.39,###
460.8,440.31,460.8,445.31,467.59,444.24,469.02,440.31,###
460.44,449.96,460.44,455.31,468.3,452.46,467.94,448.17,###
460.8,458.17,460.8,463.17,467.59,462.1,468.3,455.31,###
460.44,466.39,460.44,471.39,467.23,469.24,466.52,464.6,###
460.09,476.03,460.09,481.39,467.59,479.24,467.94,472.46,###
460.09,483.53,460.09,489.96,467.59,487.81,467.23,481.39,###
460.8,492.18,460.8,497.54,466.52,494.68,466.87,490.75,###
460.09,502.18,461.16,507.18,467.23,504.32,467.23,498.61,###
459.73,510.75,460.44,516.11,467.23,512.89,467.94,506.82,###
460.09,520.04,460.8,523.61,466.52,521.11,467.94,515.04,###
460.09,527.89,461.87,532.18,467.94,528.61,466.87,523.61,###
461.16,536.46,460.44,541.82,467.23,537.18,467.59,532.89,###
