201.75,49.27,207.07,93.22,29.96,122.51,25.97,75.91,蜗牛原液
213.73,109.2,216.4,169.12,57.93,199.75,56.6,133.17,免洗！
521.35,13.32,521.35,74.57,773.03,74.57,773.03,13.32,美白补水
520.02,107.87,520.02,170.45,773.03,170.45,773.03,107.87,保湿滋润
520.02,203.75,520.02,266.33,774.36,266.33,774.36,203.75,淡斑祛黄
522.68,300.96,522.68,359.55,706.45,359.55,706.45,300.96,去痘印
441.95,613.23,461.92,664.17,477.4,656.51,465.92,608.24,蜗牛
599.92,615.23,599.92,635.21,501.37,635.21,501.37,615.23,Baishict
524.01,636.54,524.01,649.85,578.61,649.85,578.61,636.54,柏诗春天
480.07,653.85,480.07,668.5,627.88,668.5,627.88,653.85,蜗牛修复睡眠面膜
469.41,671.16,469.41,681.81,637.2,681.81,637.2,671.16,###
