66.88,38.75,66.88,87.5,165.63,87.5,165.63,38.75,品牌
63.13,90.0,63.13,138.75,165.63,138.75,165.63,90.0,特卖
65.63,147.5,65.63,165.0,168.13,165.0,168.13,147.5,BRANDSALE
389.38,337.5,389.38,351.25,441.88,351.25,441.88,337.5,TOYOTA
19.38,721.25,19.38,745.0,143.13,745.0,143.13,721.25,TOYOTA
219.38,682.5,221.88,733.75,535.63,733.75,535.63,682.5,丰田纯牌机油
559.38,665.0,559.38,693.75,730.63,693.75,730.63,665.0,SM全合成油
560.63,701.25,560.63,745.0,733.13,745.0,733.13,701.25,5W-20
434.38,578.75,434.38,615.0,581.88,615.0,581.88,578.75,###
575.63,346.25,578.13,445.0,671.88,445.0,668.13,346.25,送
325.63,375.0,325.63,400.0,374.38,400.0,376.88,375.0,丰田
379.38,382.5,379.38,400.0,443.13,400.0,443.13,382.5,纯牌机油
320.63,401.25,320.63,412.5,366.88,412.5,366.88,401.25,###
368.13,402.5,368.13,412.5,388.13,412.5,388.13,402.5,###
390.63,402.5,390.63,412.5,444.38,412.5,444.38,402.5,###
408.13,416.25,408.13,427.5,443.13,427.5,443.13,416.25,全合成油
341.88,466.25,341.88,478.75,363.13,478.75,363.13,466.25,专为
318.38,518.25,317.63,533.25,377.63,531.75,378.13,518.75,净含量：1L
8.13,42.5,8.13,338.75,744.38,338.75,744.38,42.5,TOYOTA
338.63,572.25,331.13,564.0,443.63,501.75,446.63,509.25,TOYOTAMOTORCORPORATION
663.13,508.75,663.13,527.5,673.13,527.5,673.13,508.75,###
690.63,506.25,663.13,556.25,654.38,550.0,683.13,503.75,###
364.88,468.75,366.38,479.25,427.13,454.5,425.63,450.0,###
