1559.83,697.37,1559.83,783.77,1655.49,783.77,1655.49,697.37,小
1726.46,688.11,1726.46,820.8,1819.03,820.8,1819.03,688.11,少
1859.14,700.46,1859.14,808.46,1985.66,808.46,1985.66,700.46,叶
137.31,1869.94,142.8,1948.8,214.46,1950.17,214.46,1869.94,4
294.69,1823.66,294.69,1999.54,396.51,1999.54,396.51,1823.66,月
467.49,1863.77,467.49,1959.43,865.54,1959.43,865.54,1863.77,10-13
951.94,1845.26,951.94,1971.77,1035.26,1971.77,1035.26,1845.26,日
1155.6,1842.17,1155.6,1999.54,1282.11,1999.54,1282.11,1842.17,开
1368.51,1848.34,1368.51,1956.34,1519.71,1956.34,1519.71,1848.34,业
1612.29,1817.49,1612.29,1990.29,1751.14,1990.29,1751.14,1817.49,店
1849.89,1826.74,1849.89,1993.37,2001.09,1993.37,2001.09,1826.74,庆
337.89,2030.4,346.8,2193.6,1744.97,2212.46,1744.97,2030.4,全场5-7折钜惠
774.9,808.2,771.3,824.4,809.1,831.6,803.7,815.4,VIE
774.9,833.4,774.0,858.24,810.9,862.2,819.9,840.6,MO
818.1,853.2,818.1,876.6,843.3,876.6,843.3,853.2,###
764.1,869.4,762.3,889.2,843.3,898.2,843.3,876.6,NDONESI
765.9,916.2,769.5,925.2,834.3,936.0,834.3,925.2,###
771.3,930.6,774.9,939.6,825.3,945.0,821.7,932.4,###
704.88,1319.04,714.96,1370.88,794.16,1382.4,804.24,1330.56,PPLY
720.72,1375.2,738.0,1428.48,792.72,1431.36,792.72,1375.2,ME
745.2,1445.76,756.72,1499.04,781.2,1497.6,781.2,1445.76,RT
861.84,1363.68,861.84,1373.76,912.24,1412.64,913.68,1391.04,###
828.72,1422.72,825.84,1444.32,897.84,1454.4,894.96,1431.36,UONG
899.28,1434.24,899.28,1457.28,943.92,1476.0,945.36,1460.16,OLIA
830.16,1451.52,833.04,1470.24,936.72,1493.28,938.16,1470.24,COLOUDO
817.2,1474.56,818.64,1496.16,941.04,1524.96,948.24,1499.04,PALESTINE
981.36,1308.96,982.8,1352.16,1109.52,1369.44,1109.52,1326.24,ERSION
1038.96,1216.8,1038.96,1229.76,1064.88,1229.76,1064.88,1216.8,###
1151.28,1252.8,1136.88,1393.92,1203.12,1392.48,1208.88,1254.24,SMON
1214.64,1267.2,1197.36,1393.92,1259.28,1405.44,1260.72,1271.52,OONE
1007.28,1114.56,1002.96,1162.08,1089.36,1192.32,1102.32,1146.24,GOD
1028.88,1065.6,1013.04,1114.56,1090.8,1136.16,1112.4,1090.08,MY
1047.6,1038.24,1043.28,1068.48,1102.32,1088.64,1099.44,1061.28,OH
1180.08,1032.48,1184.4,1061.28,1273.68,1067.04,1272.24,1039.68,VIENNA
1207.44,1003.68,1207.44,1032.48,1254.96,1032.48,1254.96,1008.0,OUT
1181.52,973.44,1177.2,999.36,1278.0,1016.64,1273.68,986.4,AUSTRIA
1216.08,946.08,1216.08,980.64,1243.44,980.64,1243.44,950.4,DI
1178.64,915.84,1180.08,944.64,1285.2,959.04,1283.76,927.36,VERSION
1221.84,891.36,1218.96,912.96,1250.64,920.16,1250.64,891.36,IN
