467.95,81.9,467.95,50.4,666.05,50.4,666.05,81.9,1千只起定做
458.85,151.9,458.85,118.3,673.05,118.3,673.05,151.9,现货定做包邮
12.95,614.6,12.95,597.1,50.75,597.1,50.75,614.6,免费
13.65,637.0,13.65,618.8,50.75,618.8,50.75,637.0,异型
80.15,617.4,80.15,596.4,116.55,596.4,116.55,617.4,免费
79.45,637.7,79.45,618.8,117.25,618.8,117.25,637.7,设计
142.45,617.4,142.45,596.4,180.25,596.4,180.25,617.4,免费
141.05,637.0,141.05,618.1,179.55,618.1,179.55,637.0,模版
428.05,473.9,422.45,452.2,507.15,414.4,517.65,434.7,CO&CO
411.25,430.5,406.35,409.5,500.85,381.5,506.45,398.3,CO&CO
129.15,428.4,206.15,371.0,219.45,389.2,145.25,443.8,CO&CO
178.15,324.1,250.25,274.4,260.05,284.2,191.45,340.2,CO&CO
469.35,305.9,505.75,273.0,521.15,283.5,477.75,311.5,###
316.75,427.0,304.85,407.4,318.15,401.8,328.65,417.9,0
327.95,384.3,354.55,350.0,365.75,351.4,337.05,385.0,###
