190.75,9.8,190.75,18.2,199.15,17.5,198.45,9.8,?
194.95,18.9,194.95,38.5,8.75,38.5,8.75,18.9,FlyAudio
206.15,3.5,206.15,38.5,281.05,38.5,281.05,3.5,飞歌
365.05,14.7,365.05,66.5,586.25,66.5,586.25,14.7,开拓者66
644.35,3.5,644.35,80.5,688.45,80.5,688.45,3.5,包邮
170.45,44.8,170.45,80.5,277.55,80.5,277.55,44.8,包安装
9.45,44.8,9.45,79.8,150.85,79.8,150.85,44.8,全国联保
138.25,177.1,138.25,191.8,170.45,191.8,170.45,177.1,碟机
246.05,176.4,246.05,186.9,264.25,186.9,264.25,176.4,CD
283.85,179.2,283.85,188.3,311.85,188.3,311.85,179.2,TITLE
316.75,176.4,316.75,189.0,332.85,189.0,332.85,176.4,00
334.95,179.2,334.95,189.0,368.55,189.0,368.55,179.2,TRACK
372.05,177.1,372.05,189.0,395.15,189.0,395.15,177.1,001
410.55,177.1,410.55,189.0,453.95,189.0,453.95,177.1,00'34"
539.35,180.6,539.35,193.9,575.05,193.9,575.05,180.6,11：46
617.75,167.3,617.75,178.5,647.15,178.5,647.15,167.3,TUNE
619.85,272.3,619.85,282.1,645.05,282.1,645.05,272.3,NAVI
612.85,319.2,612.85,330.4,650.65,330.4,650.65,319.2,PHONE
614.25,363.3,614.25,373.8,648.55,373.8,648.55,363.3,RESET
617.05,406.7,617.05,417.9,648.55,417.9,648.55,406.7,CARD
541.45,415.8,541.45,431.2,572.95,431.2,572.95,415.8,关屏
465.15,415.8,465.15,432.6,482.65,432.6,482.65,415.8,亮
285.25,415.1,285.25,431.9,347.55,431.9,347.55,415.1,日间模式
415.45,327.6,415.45,343.0,447.65,343.0,447.65,327.6,视频
528.85,326.9,528.85,341.6,561.75,341.6,561.75,326.9,设置
530.95,346.5,530.95,354.9,561.05,354.9,561.05,346.5,Setup
418.25,347.9,418.25,354.9,446.25,354.9,446.25,347.9,Video
304.85,345.8,304.85,354.2,333.55,354.2,333.55,345.8,A2DP
176.05,327.6,176.05,340.9,229.95,340.9,229.95,327.6,导航系统
190.05,344.4,190.05,354.2,215.95,354.2,215.95,344.4,NAVI
291.55,327.6,291.55,341.6,346.15,341.6,346.15,327.6,蓝牙音乐
304.85,258.3,304.85,265.3,333.55,265.3,333.55,258.3,Radio
298.55,238.7,298.55,252.7,340.55,252.7,340.55,238.7,###
403.55,238.0,403.55,252.7,458.15,252.7,458.15,238.0,蓝牙电话
412.65,259.0,412.65,265.3,444.85,265.3,444.85,259.0,Mobile
528.85,239.4,528.85,252.7,561.75,252.7,561.75,239.4,音频
535.15,256.2,535.15,264.6,556.85,264.6,556.85,256.2,MP3
192.85,258.3,192.85,265.3,213.15,265.3,213.15,258.3,Disc
186.55,240.1,186.55,252.0,219.45,252.0,219.45,240.1,碟机
48.65,168.0,48.65,179.2,98.35,179.2,98.35,168.0,PWR·VOL
55.65,273.7,55.65,284.2,90.65,284.2,90.65,273.7,MEDA
54.95,317.8,54.95,327.6,91.35,327.6,91.35,317.8,FMIAM
57.05,364.0,57.05,374.5,89.25,374.5,89.25,364.0,HOME
58.45,408.8,58.45,418.6,88.55,418.6,88.55,408.8,BACK
6.65,574.7,9.45,620.2,286.65,604.1,283.85,558.6,日产13款骊威
314.65,595.7,314.65,646.1,679.35,646.1,679.35,595.7,成都本地包安装
36.05,624.4,36.05,669.2,225.75,669.2,225.75,624.4,好评返？
