526.18,356.36,526.18,370.18,600.36,370.18,600.36,356.36,买直供韩国
601.82,357.09,601.82,370.18,630.91,370.18,630.91,357.09,女装
634.55,355.64,634.55,369.45,662.18,369.45,662.18,355.64,###
666.0,356.8,665.09,369.45,796.0,369.45,794.0,357.6,###
265.09,307.64,267.27,326.55,291.27,317.09,286.91,301.82,###
292.73,292.36,297.82,317.09,334.18,314.91,333.45,293.09,Rug
337.82,286.55,338.55,298.91,348.73,295.27,345.82,273.45,###
353.82,264.0,358.18,290.18,400.36,284.36,403.27,261.82,Mus
302.91,334.55,308.0,344.73,329.09,337.45,325.45,322.18,and
390.91,318.55,389.45,301.09,348.73,301.82,351.64,321.45,shers
308.73,430.55,316.0,448.73,350.18,440.73,346.55,423.27,Free
350.18,419.64,352.36,438.55,366.91,437.09,364.0,416.0,&
369.82,414.55,372.73,434.91,420.0,431.27,416.36,408.73,Easy
602.55,390.55,602.55,416.0,729.09,416.0,729.09,390.55,因为是女人
331.27,330.18,330.55,314.91,348.0,304.73,348.0,323.64,###
405.45,264.73,401.82,285.09,444.0,296.0,449.09,276.36,eum
