235.04,704.61,235.04,763.01,581.44,763.01,581.44,704.61,钱德明精品礼盒
600.64,695.01,600.64,740.61,699.04,740.61,699.04,695.01,包邮
604.64,629.41,604.64,695.81,697.44,695.81,697.44,629.41,1件
10.24,423.01,10.24,499.81,32.64,499.81,32.64,423.01,小徽徽
47.04,405.41,47.04,567.81,66.24,567.81,66.24,405.41,又偷吃腊肉了！
11.04,519.81,11.04,539.81,33.44,539.81,33.44,519.81,你
230.29,468.62,242.56,502.75,397.44,508.61,396.16,468.62,明鸭脚包
286.24,521.41,286.24,541.41,389.44,541.41,389.44,521.41,家乡味道
243.84,521.41,243.84,538.21,258.24,538.21,258.24,521.41,传
273.44,275.81,273.44,328.61,672.64,328.61,672.64,275.81,宣城市德明食品厂
579.84,254.12,579.84,266.92,624.64,266.92,624.64,254.12,准商标
632.64,254.12,632.64,270.12,689.44,270.12,689.44,254.12,谨防假冒
148.64,339.72,148.64,362.12,301.44,362.12,301.44,339.72,宣城市旅游食品
595.84,61.15,595.84,151.55,787.04,151.55,787.04,61.15,闲鸭
599.04,29.15,599.04,45.15,652.9,45.94,653.9,28.94,XIAN
703.04,24.35,703.04,41.95,783.04,41.95,783.04,24.35,腊味坊
487.89,36.97,487.89,48.17,515.63,48.17,515.63,36.97,闲鸭
210.03,605.74,210.03,613.74,247.36,613.74,247.36,605.74,653088
222.83,592.94,222.83,602.01,253.23,602.01,253.23,592.94,90620
233.49,580.68,233.49,590.28,306.56,590.28,306.56,580.68,区水阳镇双丰村
247.89,563.61,247.89,575.88,318.83,575.88,318.83,563.61,（260克x5袋）
264.43,593.48,264.43,603.61,294.83,603.61,294.83,593.48,传真：
263.36,605.74,263.36,615.34,294.29,615.34,294.29,605.74,地址：
299.09,593.48,299.09,602.54,372.69,602.54,372.69,593.48,0563-3571797
300.16,609.48,300.16,615.88,415.36,615.88,415.36,609.48,www.demingshipin.com
615.91,552.83,615.43,558.01,655.91,558.48,656.85,553.3,###
622.96,541.54,622.96,549.07,650.26,549.07,650.26,541.54,生产许可
626.26,501.54,627.2,528.83,648.38,530.24,649.79,501.54,S
531.2,425.25,530.73,457.25,637.08,433.72,638.02,414.9,###
464.85,395.03,464.85,401.15,506.73,401.15,506.73,395.03,###
452.61,384.2,452.61,391.73,480.38,391.73,480.38,384.2,###
229.08,318.32,229.08,329.62,240.85,329.62,240.85,318.32,R
181.08,255.73,175.91,267.97,209.32,277.38,212.61,267.03,德明
158.02,267.5,163.67,274.09,173.08,269.85,169.79,262.32,钱
196.61,266.09,196.61,266.09,195.67,266.09,195.67,266.09,###
149.55,288.67,149.55,301.85,222.96,301.85,222.96,288.67,###
158.49,304.2,153.32,313.15,170.26,327.26,174.96,318.32,###
177.32,321.15,174.96,330.09,199.91,331.97,199.91,321.15,###
200.38,317.85,206.49,324.44,219.2,315.5,210.73,307.03,###
661.9,30.44,661.9,43.44,692.9,43.44,692.9,30.44,YA
