83.45,319.64,83.45,337.09,136.91,337.09,136.91,319.64,运营商
216.55,374.18,216.55,387.27,285.27,387.27,285.27,374.18,2013.Nov
359.45,318.55,359.45,337.09,403.09,337.09,403.09,318.55,12:50
99.82,404.73,99.82,418.91,131.45,418.91,131.45,404.73,星期天
144.55,404.73,144.55,418.91,176.18,418.91,176.18,404.73,星期一
189.27,403.64,189.27,417.82,223.09,417.82,223.09,403.64,星期二
232.91,404.73,232.91,417.82,266.73,417.82,266.73,404.73,星期三
278.73,404.73,278.73,417.82,312.55,417.82,312.55,404.73,星期四
367.09,404.73,367.09,417.82,399.82,417.82,399.82,404.73,星期六
320.18,403.64,320.18,420.0,357.27,420.0,357.27,403.64,星期五
109.64,470.18,109.64,483.27,121.64,483.27,121.64,470.18,2
154.36,470.18,154.36,485.45,165.27,485.45,165.27,470.18,3
199.09,470.18,199.09,484.36,210.0,484.36,210.0,470.18,4
244.91,470.18,244.91,483.27,254.73,483.27,254.73,470.18,5
288.55,470.18,288.55,484.36,299.45,484.36,299.45,470.18,6
380.18,472.36,380.18,483.27,387.82,483.27,387.82,472.36,8
380.18,436.36,380.18,448.36,386.73,448.36,386.73,436.36,1
378.0,507.27,378.0,519.27,392.18,519.27,392.18,507.27,15
330.0,505.09,330.0,519.27,348.55,519.27,348.55,505.09,14
287.45,506.18,287.45,519.27,302.73,519.27,302.73,506.18,13
330.0,542.18,330.0,556.36,345.27,556.36,345.27,542.18,21
375.82,543.27,375.82,556.36,392.18,556.36,392.18,543.27,22
375.82,579.27,375.82,593.45,392.18,593.45,392.18,579.27,29
330.0,578.18,330.0,592.36,348.55,592.36,348.55,578.18,28
285.27,578.18,285.27,589.09,303.82,589.09,303.82,578.18,27
241.64,577.09,241.64,591.27,259.09,591.27,259.09,577.09,26
195.82,578.18,195.82,593.45,212.18,593.45,212.18,578.18,25
152.18,578.18,152.18,593.45,168.55,593.45,168.55,578.18,24
107.45,614.18,107.45,627.27,122.73,627.27,122.73,614.18,###
106.36,577.09,106.36,591.27,123.82,591.27,123.82,577.09,23
108.55,542.18,108.55,555.27,123.82,555.27,123.82,542.18,16
196.91,542.18,196.91,556.36,211.09,556.36,211.09,542.18,18
152.18,541.09,152.18,556.36,167.45,556.36,167.45,541.09,###
110.73,507.27,110.73,520.36,120.55,520.36,120.55,507.27,9
153.27,507.27,153.27,522.55,168.55,522.55,168.55,507.27,10
196.91,506.18,196.91,520.36,213.27,520.36,213.27,506.18,11
240.55,506.18,240.55,519.27,258.0,519.27,258.0,506.18,12
285.27,543.27,285.27,555.27,302.73,555.27,302.73,543.27,20
176.18,660.0,176.18,673.09,297.27,673.09,297.27,660.0,###
376.91,718.91,376.91,732.0,218.73,732.0,218.73,718.91,###
118.36,656.73,118.36,686.18,157.64,686.18,157.64,656.73,03
117.27,29.45,117.27,124.36,560.18,124.36,560.18,29.45,先科电讯
675.82,7.64,678.0,133.09,1178.73,136.36,1176.55,7.64,免费安装
799.09,303.27,799.09,389.45,1154.73,389.45,1154.73,303.27,全国寄修
800.18,457.09,800.18,542.18,1152.55,542.18,1152.55,457.09,安全快捷
719.45,797.45,719.45,889.09,1098.0,889.09,1098.0,797.45,原装正品
8.18,1117.09,8.18,1193.45,446.73,1193.45,446.73,1117.09,爆屏修复专家
510.0,1125.82,510.0,1197.82,818.73,1197.82,818.73,1125.82,只有专业
862.36,1119.27,862.36,1197.82,1187.45,1197.82,1187.45,1119.27,方可信赖
357.27,789.82,357.27,799.64,382.36,799.64,382.36,789.82,www
238.36,542.18,238.36,557.45,262.36,557.45,262.36,542.18,19
