79.01,715.61,79.01,790.61,395.01,790.61,395.01,715.61,买一送一
429.01,715.61,429.01,790.61,731.01,790.61,731.01,715.61,39元2件
251.64,404.94,251.64,410.03,302.55,410.03,302.55,404.94,###
94.55,391.12,94.55,404.21,302.55,404.21,302.55,391.12,AMERICANNATIONALFOOTBALL
106.19,328.57,100.37,386.03,300.37,388.94,300.37,328.57,ANF
352.01,223.32,352.01,263.32,396.37,263.32,396.37,223.32,送
420.37,278.46,437.83,305.37,496.01,278.46,481.46,252.27,L.N.
518.55,229.73,517.83,269.73,613.83,269.73,616.01,236.27,COLL
626.92,239.91,619.64,273.37,682.92,298.82,692.37,261.73,EGE
447.28,326.39,447.28,388.21,472.01,388.21,472.01,326.39,9
430.55,328.57,430.55,389.66,441.46,389.66,441.46,328.57,###
640.01,328.57,640.01,388.94,689.46,388.94,689.46,328.57,90
543.28,338.75,543.28,380.94,569.46,380.94,569.46,338.75,LN
506.19,332.94,516.37,343.18,536.01,323.55,526.55,312.57,L.N.
533.1,305.3,537.46,322.75,583.28,325.66,589.83,308.21,COBL
584.74,328.57,594.92,343.12,606.55,331.48,591.28,314.75,GE
498.19,357.66,518.55,402.75,535.28,393.3,509.83,354.75,ROBBY
541.83,394.03,534.55,407.85,587.64,404.94,582.55,391.85,ASSGO
603.64,356.21,580.37,394.03,591.28,404.94,619.64,360.57,IATION
473.46,418.75,540.37,457.3,546.92,438.39,483.64,403.48,VAREITY
556.37,436.21,557.1,453.66,608.74,444.94,603.64,426.03,RUEBY
632.74,402.75,605.1,426.75,620.37,439.12,645.1,408.57,TSAM
531.6,76.0,532.4,84.0,578.8,84.8,576.74,78.65,BINYUXD
182.0,216.0,182.0,224.0,218.8,224.0,218.0,218.4,BINYUXD
