37.51,39.04,37.51,99.04,164.26,99.04,164.26,39.04,靓米
171.76,40.54,171.76,66.79,196.51,66.79,196.51,40.54,?
294.76,59.29,294.76,105.79,451.51,105.79,451.51,59.29,适用于
137.26,135.79,137.26,173.29,325.51,173.29,325.51,135.79,Nokia
474.01,145.54,474.01,153.04,507.01,153.04,507.01,145.54,###
354.01,120.79,354.01,172.54,601.51,173.29,615.76,120.79,BL-4YW
126.76,318.52,126.76,621.52,198.01,621.52,198.01,318.52,质保一年
575.26,309.52,575.26,614.77,641.26,614.77,641.26,309.52,超越原装
269.47,369.38,270.01,378.49,278.04,376.35,277.51,369.38,?
230.9,369.92,230.9,387.6,268.93,387.6,268.93,369.92,靓米
289.29,376.4,288.76,386.53,350.9,386.53,350.9,376.35,LIANGMI
389.47,377.95,389.47,385.99,429.65,385.99,429.65,377.95,3.7VDC
446.26,377.95,446.26,386.53,497.15,386.04,498.76,378.0,2000mAh
500.36,376.88,500.36,386.53,534.11,386.53,534.11,376.88,7.4Wh
231.97,399.92,231.97,410.63,336.97,410.63,336.97,399.92,Repiacement
340.72,399.92,340.72,410.63,368.58,410.63,368.58,399.92,For
371.26,399.92,371.26,410.1,415.18,410.1,415.18,399.92,Nokia
422.68,396.7,422.68,411.17,485.36,411.17,485.36,396.7,BL-4YW
230.9,426.7,230.9,433.67,301.61,433.67,301.61,426.7,Rechargeable 
306.43,423.49,306.43,432.6,364.29,432.6,364.29,423.49,Lithium-ion 
366.97,425.63,368.04,432.6,403.93,433.67,403.93,425.63,Battery
441.97,421.35,441.97,450.28,478.93,450.28,478.93,421.35,CE
488.58,445.45,488.58,454.03,512.15,454.03,512.15,445.45,Li-ion
230.36,439.03,230.36,445.45,302.68,445.45,302.68,439.03,Max.Charging
306.97,437.42,306.97,445.99,392.15,445.99,392.15,437.42,Voltagc:4.2VDC
266.79,474.92,266.79,485.1,325.72,485.1,325.72,474.92,WARNING:
335.36,478.67,335.36,484.56,430.18,484.56,430.18,478.67,Donotattempttoopen.
432.86,477.6,432.86,484.56,530.9,484.56,530.9,477.6,disassemble.orservice
267.33,488.31,267.33,495.28,334.29,495.28,334.29,488.31,Thebalterypack.
339.11,489.38,339.11,496.35,392.68,496.35,394.29,489.38,Donotcrush.
397.51,489.38,397.51,495.81,435.01,495.81,435.01,489.38,punclure.
437.68,489.38,437.68,495.81,529.83,495.81,529.83,489.38,srortextemalcontacts
266.79,500.63,266.79,506.53,392.15,506.53,392.15,500.63,Ordiopoocofinfireorwator.
397.51,500.1,397.51,506.53,530.9,506.53,530.9,500.1,Donotexpooctotemporotu’co
266.26,509.2,266.26,518.31,350.36,518.31,350.36,509.2,Above60’C(140°F).
352.51,511.35,352.51,517.78,480.01,517.78,480.01,511.35,Recycleordisooseofprooeriy
458.58,545.63,458.58,551.53,516.97,551.53,516.97,545.63,MadeinChina
311.26,382.82,311.26,382.82,310.72,382.82,310.72,382.82,###
243.01,487.27,242.26,504.52,248.26,504.52,249.01,486.52,！
