163.6,219.51,163.6,237.73,236.49,237.73,236.49,219.51,淘宝ID：
394.7,449.79,394.7,468.01,466.77,468.01,466.77,449.79,淘宝ID：
91.53,266.72,91.53,277.49,159.45,277.49,159.45,266.72,给力衣宝贝
170.22,266.72,170.22,275.01,209.98,275.01,209.98,266.72,实物拍摄
171.05,278.32,171.05,287.43,212.47,287.43,212.47,278.32,盗图必究
68.34,278.32,68.34,286.6,167.74,286.6,167.74,278.32,shop101554836.taobao.com
220.75,250.99,217.44,258.44,241.46,269.21,244.77,260.1,FURS
468.42,237.73,468.42,244.36,376.48,244.36,376.48,237.73,###
378.96,24.85,378.96,31.48,401.33,31.48,401.33,24.85,FURS
372.34,25.68,373.99,33.13,323.46,45.56,320.15,38.1,RD!AFOND
317.67,39.76,320.98,44.73,293.64,56.33,290.33,49.7,###
284.53,55.5,287.02,59.64,258.03,73.72,255.54,69.58,###
126.32,23.19,126.32,29.82,151.17,29.82,151.17,23.19,###
117.21,24.02,122.18,30.65,84.08,44.73,80.76,36.45,!AFOND
77.45,36.45,81.59,43.9,40.17,62.95,37.69,56.33,###
33.55,62.13,34.38,66.27,25.26,72.89,24.44,64.61,###
262.58,303.72,263.13,310.35,291.3,294.89,288.54,289.36,###
294.06,283.84,296.82,291.57,337.13,276.11,336.03,267.28,###
338.79,265.07,341.0,275.01,377.44,263.41,376.89,256.23,LAFOSD
381.31,254.57,381.31,262.86,408.37,260.1,407.26,252.37,FLRS
413.89,251.81,413.89,257.89,443.71,257.89,443.71,251.81,###
422.17,275.56,423.28,278.87,439.29,276.66,438.74,272.8,###
409.47,24.85,409.47,30.37,436.53,30.37,436.53,24.85,###
