44.81,23.27,44.81,62.47,154.01,64.57,154.01,16.97,日本
30.11,92.57,30.11,138.07,151.21,138.07,151.21,92.57,代购
166.61,35.87,166.61,105.87,680.41,105.87,680.41,35.87,美之容颜第一坊
50.41,187.13,47.84,194.18,92.17,194.18,92.17,186.01,###
286.42,170.85,286.42,178.43,329.01,178.43,329.01,170.85,###
466.91,247.33,464.34,254.85,506.34,254.85,506.34,245.51,###
83.42,285.76,82.84,292.76,121.34,288.1,120.76,284.6,###
123.67,284.6,124.84,288.1,151.67,284.6,152.26,280.51,###
77.01,293.35,74.67,317.85,183.53,320.5,187.84,287.51,GOO.N
148.17,322.51,148.17,327.18,184.34,327.18,184.34,322.51,###
79.34,332.43,79.34,346.43,189.01,346.43,189.01,332.43,Premium
96.26,359.85,96.26,370.93,167.42,370.93,167.42,359.85,天使の產着
122.27,372.34,122.27,375.14,141.87,375.14,141.87,372.34,###
61.61,439.5,61.61,447.43,85.41,447.43,85.41,439.5,###
41.07,449.3,41.07,457.7,84.94,457.7,84.94,449.3,###
43.41,428.3,41.54,447.9,61.61,447.9,61.61,428.3,M
48.54,459.1,48.54,468.43,77.94,468.43,77.94,459.1,6~11kg
43.41,469.37,43.41,489.43,71.41,489.43,71.41,469.37,46
73.27,480.57,73.27,490.37,81.21,489.43,81.21,480.57,枚
146.07,462.37,146.07,466.1,161.01,466.1,161.01,462.37,###
147.47,457.23,147.47,460.97,161.47,460.97,161.47,457.23,###
145.61,452.57,145.61,456.3,164.27,456.3,164.27,452.57,###
170.81,453.03,170.81,457.23,189.94,457.23,189.94,453.03,###
200.67,453.03,200.67,457.23,216.07,457.23,216.07,453.03,###
200.67,458.17,200.67,461.9,217.01,461.9,217.01,458.17,###
314.07,480.1,314.07,490.83,323.41,489.9,323.41,480.1,枚
285.14,467.97,285.14,489.9,313.14,489.9,313.14,467.97,38
288.87,459.1,288.87,467.97,320.14,467.03,320.61,459.1,9~14kg
281.41,448.37,281.41,456.77,325.74,456.77,326.67,449.3,###
302.87,439.5,302.87,446.97,325.27,446.97,325.27,439.5,###
285.61,426.43,285.14,445.1,297.27,446.03,297.27,426.43,L
165.67,437.63,165.67,443.23,197.87,443.23,197.87,437.63,###
386.87,436.7,386.87,444.17,420.47,444.17,420.47,436.7,###
368.21,452.1,368.21,456.77,386.41,456.77,386.41,452.1,###
369.61,457.7,369.61,461.9,382.67,461.9,382.67,457.7,###
368.67,463.77,368.67,466.57,383.61,466.57,383.61,463.77,###
392.94,453.97,392.94,458.17,412.07,458.17,412.07,453.97,###
422.81,454.43,422.81,458.17,439.14,458.17,439.14,454.43,###
421.41,459.1,421.41,463.3,438.67,463.3,438.67,459.1,###
477.07,477.77,477.07,496.43,501.8,496.43,501.8,477.77,30
502.73,488.5,502.73,496.43,510.67,496.43,511.13,488.5,枚
476.6,469.37,476.6,477.3,508.8,477.3,508.8,469.37,12~20kg
472.87,459.57,472.87,466.57,512.07,466.57,512.07,459.57,###
494.8,450.7,494.8,458.63,515.8,458.63,515.8,450.7,###
466.8,439.97,466.8,457.7,493.87,457.7,493.87,439.97,XL
603.07,479.63,603.07,483.37,620.8,483.37,620.8,479.63,###
606.8,484.77,606.8,488.5,617.53,488.5,617.53,484.77,###
606.33,488.97,606.33,492.23,619.4,492.23,619.4,488.97,###
625.0,480.57,625.0,484.3,642.27,484.3,642.27,480.57,###
653.47,479.63,653.47,483.83,664.67,483.83,664.67,479.63,###
651.13,485.23,651.13,488.97,664.67,488.97,664.67,485.23,###
620.33,467.03,620.33,471.23,648.8,471.23,648.8,467.03,###
554.53,437.17,554.53,440.9,575.07,440.9,575.07,437.17,###
527.93,426.43,527.93,436.23,599.8,436.23,599.8,426.43,天使の產着
510.67,396.1,510.67,410.57,621.27,410.57,621.27,396.1,Premium
578.8,385.37,578.8,389.1,615.67,389.1,615.67,384.43,###
506.93,356.43,504.6,383.5,614.73,383.03,618.47,347.1,GOO.N
511.13,349.9,512.53,354.57,549.87,351.77,549.87,345.7,###
552.67,347.1,553.13,353.17,580.67,345.23,578.33,341.97,###
347.33,371.41,347.33,374.68,367.4,374.68,367.4,371.41,###
321.67,360.21,321.67,371.41,394.47,371.41,394.47,360.21,天使の產着
305.33,331.28,305.33,346.68,415.0,346.68,415.0,331.28,Premium
374.4,321.48,374.4,326.14,410.33,326.14,410.33,321.48,###
303.93,292.54,299.73,321.01,410.33,316.81,415.93,287.41,GOO.N
307.2,285.54,305.33,289.28,347.33,288.34,346.87,283.21,###
351.07,282.74,349.67,289.28,381.87,283.21,379.53,278.54,###
