133.35,608.3,137.55,574.7,146.65,572.6,143.85,606.9,XPXVIIL
530.95,516.6,530.95,534.1,553.35,538.3,554.05,520.1,AM
495.95,516.6,495.95,534.1,528.85,534.1,528.85,516.6,XTE
493.15,516.6,495.25,535.5,474.25,540.4,473.55,521.5,XP
472.85,645.4,472.85,674.8,481.95,674.8,481.95,645.4,XPXVIIL
512.05,539.7,512.05,549.5,518.35,549.5,518.35,539.7,Ⅱ
540.75,208.6,539.35,214.2,565.25,214.2,565.25,207.9,XPXVIIL
614.95,245.0,616.35,250.6,605.85,260.4,604.45,252.0,###
622.65,274.4,622.65,277.9,626.85,277.9,626.85,274.4,###
627.55,278.6,628.25,284.9,621.95,286.3,621.25,280.7,###
551.25,353.5,551.25,381.5,557.55,381.5,557.55,353.5,###
192.85,315.0,192.85,343.7,219.45,343.7,216.65,317.1,TE
220.85,319.9,222.25,347.2,251.65,360.5,248.15,333.2,AM
195.65,354.2,195.65,368.9,206.15,368.9,206.15,354.2,Ⅱ
65.45,445.9,65.45,453.6,49.35,453.6,49.35,445.9,###
168.35,80.5,168.35,89.6,511.35,89.6,511.35,80.5,EXPANDINGFASHION'SINTERECTIONSSTRIPPINGEXCESSIVEINFORMATION
169.05,90.3,169.05,100.1,495.25,100.1,495.25,90.3,EXPERIENCINGLUXURYTJROUGTSIMPLICTYRECOGNIZINGTHEESSENTIAL
161.35,52.5,161.35,72.8,517.65,72.8,517.65,52.5,STYLEBYJUSTYLE/EDITBYSHINING
113.05,12.6,113.05,42.0,566.65,42.0,566.65,12.6,ITISGOODSTYLEFORYOURS!!
190.05,312.2,188.65,340.9,150.85,352.1,151.55,320.6,XPX
