28.68,25.41,34.82,45.54,204.11,46.86,205.4,25.41,Waterplants；a
71.12,56.43,69.47,70.95,160.88,71.94,162.28,51.98,study of
74.75,83.82,75.73,99.33,158.56,99.66,160.55,83.82,aquatic
45.05,111.54,43.73,126.72,176.72,125.4,178.03,110.55,angiosperm
74.5,166.32,71.42,184.03,157.27,180.95,160.35,165.55,###
23.29,241.78,14.82,220.22,215.41,131.28,221.57,148.61,QQ:81627711 微信：edooks365
104.53,310.69,113.0,329.18,206.94,284.13,198.47,267.96,QQ:81627711
10.97,217.14,2.89,196.35,214.25,97.79,223.11,117.04,高清原版 Kindle&PDF 快速发货
23.29,67.76,30.22,85.09,124.93,42.73,116.08,26.57,QQ:81627711
161.51,165.55,161.51,165.16,161.51,165.16,161.51,165.55,###
