112.51,370.34,112.51,383.35,151.55,383.35,151.55,370.34,Sterile
302.83,363.83,303.92,375.76,378.74,371.96,378.74,360.58,30x0.4mL
162.94,346.48,163.28,359.9,207.2,359.09,206.86,346.48,Single
213.36,348.65,213.36,357.32,238.31,357.32,238.31,348.65,use
244.27,346.48,243.73,357.87,319.1,355.7,319.1,344.31,containers
106.55,314.49,106.55,325.88,173.24,325.88,173.24,314.49,Comforts
178.73,313.95,178.73,322.08,239.39,322.08,238.92,311.91,irritated,
242.64,307.44,242.64,319.37,265.96,319.37,265.96,307.44,dry
271.38,309.07,271.38,318.83,297.41,318.83,297.41,309.07,and
301.2,308.52,302.36,317.61,334.48,316.79,334.82,308.52,tired
340.24,305.81,340.24,315.57,371.15,315.57,371.15,305.81,eyes
138.0,293.34,138.0,302.56,226.38,302.56,226.38,293.34,preservative
232.88,292.26,232.88,301.48,260.54,301.48,260.54,292.26,Free
266.5,291.72,266.5,300.93,291.44,300.93,291.44,291.72,Eye
294.16,289.55,294.16,297.68,336.99,297.68,336.99,289.55,Drops
109.8,333.47,109.6,344.04,169.99,342.68,169.99,333.47,Suitable
175.41,331.84,175.41,341.6,194.93,341.6,194.93,331.84,for
200.35,328.04,200.35,340.52,216.08,340.52,216.08,328.04,all
223.06,329.81,223.87,339.97,275.11,337.53,274.3,328.18,contact
280.06,326.42,280.06,337.26,309.34,337.26,309.34,326.42,lens
314.56,325.33,314.96,335.5,369.52,334.01,369.52,324.25,wearers
127.08,178.93,125.52,184.9,162.06,182.59,162.94,176.22,Polyrinyl
168.56,176.9,167.28,182.19,196.62,181.37,197.03,176.09,alcohol
201.44,173.51,201.44,181.1,212.28,181.1,212.28,173.51,14
216.08,174.6,216.08,182.73,230.17,182.73,230.17,174.6,mg
235.05,172.97,235.05,179.48,273.55,179.48,273.55,172.97,poridone
276.26,170.8,276.26,178.39,282.77,178.39,282.77,170.8,6
286.02,171.88,286.02,180.56,299.04,180.56,299.04,171.88,mg
301.2,171.88,301.2,179.48,315.3,179.48,315.3,171.88,per
319.64,168.63,319.64,178.39,324.52,178.39,324.52,168.63,1
327.77,169.72,327.77,177.85,340.79,177.85,340.79,169.72,mL
115.22,132.84,115.76,169.17,342.96,161.04,341.87,126.88,Refresh
37.68,80.25,40.4,114.95,234.51,62.9,233.43,29.28,澳洲代购直邮
19.25,60.19,21.42,81.33,128.24,52.05,126.61,34.16,xiaowe
340.24,117.66,340.24,127.96,352.17,127.42,352.17,117.66,?
