706.0,774.4,706.0,691.2,97.2,691.2,97.2,774.4,支持花呗信用卡
259.6,512.0,259.6,531.2,386.0,543.2,386.8,524.0,繁忙的都市生活
392.4,525.6,393.2,542.4,516.4,532.8,515.6,513.6,来一份联生美味
447.6,551.2,450.0,581.6,538.8,562.4,534.8,536.0,净含量.
538.8,532.8,540.4,560.8,599.6,540.0,596.4,512.0,200克
201.2,387.2,219.6,488.0,397.2,513.6,397.2,410.4,甘草
401.2,405.6,401.2,513.6,584.4,485.6,584.4,383.2,榄肉
205.2,321.6,205.2,338.4,267.6,347.2,266.0,332.8,享受的美味
269.2,282.4,269.2,293.6,279.6,293.6,279.6,282.4,?
196.4,280.0,197.2,315.2,275.6,324.0,276.4,287.2,联生
