354.77,1.23,356.62,30.77,413.23,35.08,413.85,3.69,WIPE
418.77,9.23,420.0,36.92,463.69,40.62,463.69,9.23,THE
468.62,12.31,469.23,41.85,524.0,46.77,523.38,19.08,SEAT
521.54,12.92,520.92,0.62,418.77,0.0,426.77,3.08,###
360.31,35.69,362.77,127.38,519.69,142.77,520.31,51.69,BRUSH
359.69,132.92,362.15,160.0,411.38,162.46,412.62,136.62,SPRAY
416.92,137.23,420.0,163.69,462.46,164.92,462.46,140.31,WHRN
466.77,142.15,466.77,168.62,492.62,168.62,492.62,142.15,NBE
362.15,168.0,362.15,204.31,491.38,213.54,492.0,177.23,BATH
393.54,213.54,399.08,224.62,414.46,233.85,414.46,213.54,SH
419.38,214.77,419.38,236.31,468.62,236.31,468.62,214.77,YOUR
471.69,217.85,471.69,237.54,475.38,238.77,476.0,217.85,I
424.92,241.85,424.92,257.23,437.23,257.23,437.23,241.85,R
440.92,241.85,440.92,259.69,481.54,259.69,481.54,244.31,DUTX
431.69,262.77,431.69,276.92,459.38,276.92,459.38,262.77,NOT
218.77,315.69,218.77,347.69,233.54,347.69,233.54,315.69,I
485.23,388.92,485.23,425.85,503.08,425.85,503.08,388.92,I
619.38,477.54,620.0,505.85,684.62,504.62,684.62,473.85,LIVE
695.69,475.08,696.31,504.0,798.46,497.85,799.08,470.15,SIMPLY
630.46,524.31,632.92,543.38,693.85,538.46,693.85,521.23,augh
703.69,522.46,702.46,539.69,742.46,536.0,741.23,518.77,aut
750.46,518.15,751.08,536.62,798.46,534.77,799.08,515.69,tauu
642.77,560.62,645.85,582.77,653.85,588.31,653.85,560.62,O
661.85,553.85,663.08,587.69,791.08,582.77,792.31,550.15,MPROMis
653.23,596.31,660.62,626.46,703.69,624.62,703.69,593.85,EAK
719.69,592.62,720.92,624.0,799.08,620.92,797.85,590.15,KINDL
669.23,634.46,669.23,660.31,693.85,660.31,693.85,634.46,R
706.77,632.62,706.77,659.69,735.08,659.69,735.08,632.62,U
751.08,630.15,751.08,657.23,775.08,657.23,775.08,630.15,S
656.92,680.62,656.92,699.69,716.62,696.62,716.62,677.54,aetiee
726.46,677.54,727.69,692.92,797.85,693.54,798.46,673.85,patiene
560.31,722.46,560.31,775.38,786.77,775.38,786.77,722.46,质量保证
288.31,723.69,288.31,780.31,525.85,780.31,525.85,723.69,送运费险
17.54,722.46,17.54,777.23,246.46,777.23,246.46,722.46,最后一天
787.38,627.69,787.38,634.46,799.69,634.46,799.69,627.69,###
757.23,609.23,757.23,608.62,757.23,608.62,757.23,609.23,###
