242.92,57.5,242.92,105.83,45.42,105.83,45.42,57.5,工厂直供
210.42,192.5,217.08,208.33,204.58,213.33,198.75,196.67,0
168.75,210.0,176.25,227.5,189.58,221.67,182.08,205.0,0
140.42,224.17,148.75,242.5,159.58,235.83,152.92,219.17,0
122.92,233.33,132.08,249.17,117.92,255.0,112.08,237.5,0
96.25,247.5,104.58,263.33,89.58,269.17,83.75,251.67,0
53.75,265.83,61.25,282.5,67.92,279.17,59.58,262.5,1
384.58,102.5,393.75,120.83,404.58,114.17,397.08,96.67,8
121.25,362.5,146.25,427.5,182.08,408.33,152.08,343.33,5
157.92,310.0,195.42,394.17,242.92,373.33,211.25,285.83,年
226.25,302.5,264.58,380.83,338.75,347.5,297.92,261.67,再
287.08,235.0,327.92,323.33,386.25,297.5,347.08,209.17,聚
500.42,285.0,510.42,300.0,415.42,345.83,405.42,330.83,2015.08.01
567.08,289.17,570.42,297.5,409.58,375.83,405.42,365.0,THE5THANNIVERSARYCRAOUA
575.42,309.17,577.92,320.0,517.08,350.83,511.25,339.17,06.3PARTY
553.75,260.0,558.75,275.0,517.92,291.67,513.75,277.5,北京
285.42,585.0,285.42,646.67,727.08,646.67,727.08,585.0,专业定做卡片U盘
494.58,673.33,494.58,736.67,725.42,736.67,725.42,673.33,高端定制
