61.56,16.89,61.56,35.56,103.33,35.56,103.33,16.89,神器
27.33,42.22,27.33,77.78,142.0,77.78,142.0,42.22,去黑头
29.56,89.78,29.56,103.11,138.89,103.11,138.89,89.78,泰国进口天然芦荟
218.89,216.0,218.89,242.67,302.44,242.67,302.44,216.0,White
202.89,184.89,202.89,207.11,245.56,207.11,241.56,184.44,Get
250.89,181.78,250.89,206.67,283.78,206.67,283.33,184.89,Hút
288.67,182.67,288.67,204.89,306.89,204.89,307.78,186.67,###
194.0,287.11,194.89,294.22,235.78,294.22,234.89,286.67,###
240.22,287.56,240.67,293.33,274.0,287.11,274.44,281.78,###
152.67,300.89,152.22,308.44,166.44,309.78,165.56,303.56,###
168.6,303.6,169.0,311.2,187.4,312.8,186.2,307.2,Phám
190.2,306.0,190.2,314.0,214.6,314.0,214.6,306.0,HOAN
217.8,306.8,217.8,314.8,237.4,314.0,237.4,306.8,C?U
241.4,308.0,241.4,314.8,252.6,314.0,252.6,308.0,EC:
254.2,309.6,254.6,314.4,303.4,308.8,304.2,303.2,###
13.8,366.8,13.8,388.8,120.2,388.8,120.2,366.8,买二送一
145.4,367.6,145.4,391.2,251.4,391.2,251.4,367.6,买三送三
277.0,367.2,277.0,388.8,385.8,388.8,385.8,367.2,买五送五
100.46,178.46,91.54,186.77,95.23,187.69,101.69,179.69,###
81.38,203.69,72.77,231.08,75.85,234.46,85.38,205.54,###
72.15,238.77,72.15,260.0,76.77,260.0,76.77,238.77,###
89.69,190.46,81.69,203.08,85.38,204.0,93.38,190.15,###
73.08,264.62,77.69,285.85,81.69,284.92,78.31,264.92,###
80.15,288.0,84.15,298.46,88.15,296.92,84.46,286.77,###
87.85,300.92,98.62,314.46,100.46,312.62,91.23,300.62,###
112.15,178.15,94.31,204.0,96.77,206.46,115.54,179.08,###
88.77,215.38,85.69,243.08,90.0,243.08,93.38,214.46,###
84.77,245.54,88.15,276.92,92.15,275.38,88.77,245.54,###
89.38,280.62,100.15,303.38,103.23,302.15,93.08,278.77,###
102.0,304.31,112.46,316.62,117.08,316.92,106.62,304.92,###
124.46,178.77,108.77,204.62,111.54,205.23,129.69,180.0,###
100.46,224.31,100.46,234.15,104.46,234.15,104.46,224.31,###
98.31,237.85,98.31,244.62,103.23,244.62,103.23,237.85,###
98.92,247.69,98.92,264.31,102.31,264.31,102.31,247.69,###
100.77,266.77,102.31,275.08,106.31,275.38,104.46,265.23,###
102.31,276.62,105.69,290.77,110.0,289.85,105.69,275.69,###
93.69,263.69,98.92,290.46,102.92,289.85,97.08,263.38,###
99.85,292.92,117.38,316.0,119.85,313.85,104.15,291.08,###
109.08,296.62,128.15,321.85,130.62,317.85,111.54,295.08,###
122.0,306.77,135.23,320.0,137.69,318.15,123.85,304.31,###
129.08,308.62,144.15,322.77,147.54,321.54,130.92,305.23,###
132.46,302.77,148.46,321.23,150.62,319.38,136.46,301.85,###
135.85,296.62,148.15,316.62,151.54,314.46,139.85,294.77,###
141.69,293.54,150.31,309.23,151.23,306.77,144.77,291.38,###
115.23,277.23,125.38,305.23,131.23,304.0,118.31,276.0,###
122.0,275.08,131.54,301.23,133.69,299.69,125.38,273.85,###
128.46,270.77,133.69,294.46,138.62,293.85,132.46,269.54,###
120.77,232.92,119.85,272.62,125.08,271.69,124.15,232.92,###
126.92,233.23,127.23,268.92,132.15,268.0,131.85,232.62,###
142.31,189.23,127.85,228.0,132.46,229.85,148.46,190.77,###
138.92,195.08,125.38,229.85,120.77,228.31,133.38,195.38,###
143.85,181.23,134.31,194.46,139.54,194.46,148.46,181.85,###
