16.75,14.62,16.75,52.39,89.85,52.39,89.85,14.62,顺丰
15.53,56.65,15.53,95.03,90.46,95.03,90.46,56.65,包邮
141.02,6.7,141.02,59.7,190.36,59.7,190.36,6.7,###
219.6,4.26,219.6,60.31,257.37,60.31,257.37,4.26,###
318.9,7.31,318.9,55.43,367.63,55.43,367.63,7.31,###
388.95,9.75,388.95,56.04,440.73,56.04,440.73,9.75,###
463.88,12.18,463.88,53.0,514.44,53.0,514.44,12.18,###
539.42,13.4,539.42,56.65,591.81,56.65,591.81,13.4,###
616.17,8.53,616.17,59.7,665.51,59.7,665.51,8.53,###
667.95,79.19,667.95,92.59,719.12,92.59,719.12,79.19,查看原图
55.13,145.59,55.13,253.41,102.64,253.41,102.64,145.59,全新
55.74,315.55,55.74,419.11,103.86,419.11,103.86,315.55,国行
58.18,477.59,58.18,586.63,103.86,586.63,103.86,477.59,密封
168.43,182.14,168.43,356.36,180.62,356.36,180.01,180.31,MONSTER
166.0,512.31,166.0,697.5,180.01,697.5,180.01,512.31,MONSTER
538.81,177.88,538.81,183.97,549.77,183.97,549.77,177.88,###
459.62,170.57,459.62,177.88,490.07,179.7,489.47,172.39,###
460.83,150.46,460.23,157.77,529.06,162.04,529.06,155.34,###
460.23,157.77,460.83,164.47,518.71,168.74,518.71,162.04,###
461.44,131.58,462.05,137.67,544.29,143.76,543.68,135.84,###
460.83,138.89,462.66,145.59,485.81,147.42,485.2,140.72,###
465.1,113.91,465.71,124.88,560.74,130.36,561.35,120.01,运动专用蓝牙耳机
351.18,361.84,351.18,372.81,400.53,372.81,400.53,361.84,Bluetooth'
339.0,375.25,339.0,385.6,398.09,385.6,398.09,375.25,WIRELESS
339.61,386.21,339.61,391.69,437.69,391.69,437.69,386.21,HIGHIMPACTSPORTAUDIO'
333.52,366.11,333.52,392.3,216.56,392.3,216.56,366.11,isport‘
563.78,455.66,565.0,466.62,465.71,468.45,466.32,457.48,运动专用蓝牙耳机
549.16,473.93,549.16,480.63,465.1,483.07,465.71,475.76,###
466.93,484.9,466.93,489.77,490.07,489.77,490.07,484.9,###
465.71,495.86,465.71,501.95,534.54,500.13,535.15,494.03,###
467.54,503.78,467.54,509.87,522.36,509.26,522.97,502.56,###
499.21,515.36,499.21,523.27,465.71,523.27,465.71,515.36,###
559.52,515.96,559.52,521.45,547.95,521.45,547.95,515.96,###
552.82,506.22,552.82,510.48,540.64,510.48,540.64,506.22,###
534.54,166.91,534.54,173.0,544.9,173.0,544.9,166.91,###
351.79,709.68,351.79,722.47,401.75,722.47,401.75,709.68,Bluetooth'
400.53,724.91,400.53,734.05,339.61,734.05,339.61,724.91,WIRELESS
440.73,734.65,440.73,742.57,339.61,742.57,339.61,734.65,HIGHIMPACTSPORTAUDIO'
328.65,715.16,328.65,743.18,214.12,743.18,214.12,715.16,isport
630.18,143.15,630.18,247.93,681.35,247.93,681.35,143.15,无线
629.57,293.01,629.57,399.61,679.53,399.61,679.53,293.01,运动
630.18,457.48,630.18,568.35,681.35,568.35,681.35,457.48,防水
