52.9,462.16,52.9,483.16,203.4,480.66,205.4,462.16,18186869676
8.4,461.16,8.4,482.66,42.9,482.66,42.9,461.16,TL:
140.4,240.66,140.4,268.66,161.9,268.66,161.9,240.66,S
164.4,257.66,164.4,268.16,356.9,268.16,356.9,257.66,hop71998179.taobao.com
166.4,233.16,166.4,253.16,205.4,253.16,205.4,233.16,好运
207.4,222.66,207.4,254.16,272.9,254.16,272.9,222.66,连连
273.9,232.66,273.9,252.66,355.4,256.16,355.4,232.66,正品代购
5.9,61.55,5.9,78.05,71.4,78.05,71.4,61.55,正品保障
28.4,28.55,28.4,47.55,49.4,47.55,49.4,28.55,正
23.9,470.16,23.9,469.66,23.9,469.66,23.9,470.16,###
238.4,194.11,243.4,196.61,263.9,177.61,261.9,170.61,###
