193.54,112.62,193.54,119.38,214.46,119.38,214.46,112.62,###
216.92,118.15,216.92,128.62,249.54,128.62,249.54,118.15,###
410.77,111.38,410.77,115.69,432.31,115.69,432.31,111.38,###
436.62,113.23,436.62,123.69,474.15,121.23,474.15,113.23,###
354.15,217.85,358.46,234.46,434.15,225.23,436.0,206.77,念慈恩
307.38,209.85,308.0,220.31,380.62,213.54,380.62,203.69,成人纸尿裤
475.38,229.54,480.92,232.62,496.31,214.15,491.38,211.08,加强型
192.92,313.23,200.92,326.15,242.77,289.85,229.85,273.85,加强型
436.0,309.54,436.62,316.31,458.15,315.69,458.15,309.54,###
472.92,284.92,472.92,292.92,484.0,292.92,484.0,284.92,?
240.92,382.15,240.92,428.31,391.69,428.31,391.69,382.15,念慈恩
396.0,371.69,396.0,381.54,412.62,380.31,412.62,371.69,TM
338.15,433.85,338.15,460.31,485.23,460.31,485.23,433.85,成人纸尿裤
404.0,583.38,404.0,594.46,453.85,594.46,453.85,583.38,男女通用
385.54,609.23,385.54,638.15,407.69,638.15,407.69,609.23,L
384.92,641.23,384.92,651.08,412.62,651.08,412.62,641.23,SIZE
385.54,654.15,385.54,666.46,406.46,666.46,406.46,654.15,###
411.38,653.54,411.38,659.69,465.54,659.69,465.54,653.54,###
412.0,661.54,412.0,667.69,464.92,667.69,464.92,661.54,###
430.46,609.85,430.46,638.77,471.69,638.77,471.69,609.85,10
437.85,641.85,437.85,651.08,469.85,651.08,469.85,641.85,PAOS
236.0,539.69,236.0,553.23,274.15,553.23,274.15,539.69,NEW
223.69,556.31,223.69,561.23,254.46,561.23,254.46,556.31,###
220.62,572.92,220.62,577.85,238.46,577.85,238.46,572.92,###
205.23,585.85,205.23,592.0,227.38,592.0,227.38,585.85,###
408.92,756.92,416.92,779.69,471.69,767.38,463.69,742.15,GO！
483.38,734.15,483.38,762.46,730.15,696.62,724.62,671.38,念慈恩成人纸尿裤L
548.62,566.77,548.62,617.85,575.08,617.85,575.08,566.77,￥
580.0,506.46,580.0,623.38,712.31,623.38,706.15,509.54,35
717.85,576.62,712.92,620.92,775.08,620.92,770.77,577.23,.00
696.92,452.31,696.92,489.23,773.23,489.23,773.23,452.31,包邮
552.31,188.92,554.15,218.46,763.38,160.62,757.85,129.85,超强锁水不侧漏
581.85,105.85,589.23,148.92,773.23,97.85,762.15,56.62,男女通用
