163.37,90.52,161.51,107.26,186.31,114.7,185.69,97.34,###
265.05,40.3,265.05,93.62,426.87,93.62,426.87,40.3,高端款
286.13,403.62,281.79,424.7,524.83,489.8,528.55,466.86,WJZSM2009钻代只售正品
308.45,318.68,307.83,334.18,548.39,402.38,552.73,381.3,WJZSM2009钻代只售正品
334.49,229.4,333.87,248.0,573.19,314.34,576.91,294.5,WJZSM2009钻代只售正品
172.67,185.38,167.71,204.6,265.67,233.74,271.87,210.18,代只售正品
81.53,256.06,76.57,273.42,242.73,320.54,249.55,298.22,2009钻代只售正品
98.89,448.26,97.03,468.72,196.85,494.76,200.57,476.16,代只售正品
22.01,580.94,22.01,611.94,167.71,611.94,167.71,580.94,正品保证
237.77,581.56,233.43,598.92,320.23,618.14,385.33,619.38,###
354.95,576.6,354.95,615.66,428.11,615.66,428.11,576.6,包邮
148.49,571.02,144.15,574.12,173.29,580.94,174.53,572.26,###
1.55,613.18,1.55,618.76,19.53,618.76,19.53,613.18,###
188.17,577.22,188.17,614.42,333.25,614.42,333.25,577.22,支持验货
456.63,167.4,452.16,184.23,496.31,199.64,498.79,179.18,09钻
566.37,572.88,566.37,590.86,619.69,605.12,619.07,587.76,###
447.33,578.46,447.33,615.04,594.27,615.04,594.27,578.46,送运费险
261.95,494.14,260.71,511.5,332.63,528.24,339.45,513.36,WJZSM
100.13,354.64,96.41,374.48,220.41,407.34,222.27,385.02,钻代只售正品
479.61,82.37,476.07,96.54,504.41,102.74,506.19,85.03,###
