3.11,679.11,3.11,784.0,340.89,784.0,340.89,679.11,画眉辅助器
380.89,675.56,380.89,783.11,788.89,783.11,788.89,675.56,适合多种妆型
31.56,448.0,31.56,464.0,44.0,464.0,44.0,448.0,4
33.33,244.44,33.33,264.89,44.89,264.89,44.89,244.44,3
33.33,44.44,33.33,62.22,43.11,62.22,43.11,44.44,2
525.78,151.11,522.22,180.44,298.22,207.11,300.0,179.56,BrowClass
539.11,194.67,540.0,203.56,450.22,215.11,449.33,205.33,DrawingGuide
797.78,144.0,797.78,198.22,579.11,198.22,579.11,144.0,送修眉刀
426.22,137.78,424.44,152.89,363.11,163.56,364.89,147.56,Mini
469.78,95.11,469.78,104.89,517.78,104.89,517.78,95.11,3rdClass
592.44,30.22,592.44,123.56,772.0,123.56,772.0,30.22,包邮
281.33,268.44,281.33,299.56,289.33,299.56,289.33,268.44,Mini
281.33,368.89,281.33,424.89,290.22,424.89,290.22,368.89,###
282.22,439.11,282.22,491.56,288.44,491.56,288.44,439.11,###
225.33,312.0,225.33,363.56,233.33,363.56,233.33,312.0,###
224.44,240.0,224.44,296.89,234.22,296.89,234.22,240.0,###
383.56,346.67,384.44,356.44,345.33,363.56,345.33,352.89,###
382.67,440.0,383.56,449.78,344.44,457.78,346.22,446.22,###
379.11,532.44,379.11,543.11,341.78,553.78,338.22,541.33,###
430.67,632.0,430.67,640.89,504.44,640.89,504.44,632.0,###
573.78,591.11,573.78,600.89,610.22,600.89,610.22,591.11,Brow
610.22,601.78,609.33,610.67,577.33,613.33,577.33,601.78,Class
543.56,602.67,543.56,609.78,565.78,609.78,565.78,602.67,###
548.89,612.44,548.89,616.89,564.89,616.89,564.89,612.44,###
559.56,479.11,559.56,487.11,603.11,487.11,603.11,479.11,###
546.22,466.67,546.22,476.44,615.56,476.44,615.56,466.67,###
572.0,422.22,572.0,430.22,616.44,430.22,616.44,422.22,###
574.67,431.11,574.67,436.44,618.22,436.44,618.22,431.11,###
572.0,438.22,572.0,442.67,585.33,442.67,585.33,438.22,###
572.89,406.22,572.89,412.44,584.44,412.44,584.44,406.22,###
573.78,392.89,573.78,399.11,616.44,399.11,616.44,392.89,###
573.78,400.0,573.78,405.33,615.56,405.33,615.56,400.0,###
548.0,381.33,548.0,387.56,609.33,387.56,609.33,381.33,DrawingGuide
560.44,370.67,560.44,378.67,599.56,378.67,599.56,370.67,3rdCLASS
596.0,320.89,596.89,330.67,505.33,343.11,506.22,330.67,DrawingGuide
580.0,276.44,580.0,308.44,355.11,336.0,357.78,306.67,BrowClass
526.67,222.22,526.67,232.0,575.56,232.0,575.56,222.22,3rdClass
226.22,139.56,226.22,172.44,235.11,172.44,235.11,139.56,Mini
484.89,264.89,484.0,278.22,416.44,289.78,424.44,272.89,Mini
