16.92,103.83,43.75,130.67,147.58,28.0,110.25,1.17,特价包邮
526.75,108.5,526.75,140.0,697.08,140.0,697.08,108.5,美丽新都汇
558.25,143.5,558.25,158.67,583.92,158.67,583.92,143.5,MEI
593.25,145.83,593.25,159.83,608.42,159.83,608.42,145.83,LI
615.42,144.67,615.42,158.67,643.42,157.5,644.58,144.67,XIN
651.58,142.33,650.42,158.67,665.58,158.67,665.58,143.5,DU
673.75,145.83,672.58,158.67,698.25,158.67,697.08,145.83,HUI
412.42,175.0,412.42,215.83,490.58,215.83,490.58,175.0,娇悦
503.42,177.33,503.42,212.33,589.75,212.33,589.75,176.17,Pure
604.92,176.17,604.92,212.33,677.25,212.33,677.25,176.17,Soft
422.92,239.17,425.25,292.83,673.75,291.67,673.75,240.33,修复+还原
440.42,310.33,440.42,354.67,510.42,354.67,511.58,310.33,一瓶
536.08,301.0,536.08,358.17,586.25,358.17,586.25,301.0,24
615.42,309.17,615.42,353.5,649.25,353.5,649.25,309.17,元
439.25,392.0,439.25,436.33,509.25,436.33,509.25,392.0,二瓶
530.25,382.67,530.25,438.67,581.58,438.67,581.58,382.67,46
614.25,393.17,614.25,437.5,649.25,437.5,649.25,394.33,元
443.92,479.5,443.92,526.17,515.08,526.17,515.08,479.5,三瓶
534.92,474.83,534.92,525.0,581.58,525.0,581.58,474.83,66
615.42,479.5,614.25,522.67,648.08,525.0,648.08,478.33,元
428.75,571.67,428.75,633.5,673.75,637.0,672.58,569.33,正品保证
159.25,595.0,156.92,624.17,421.75,617.17,421.75,590.33,http://shop102412764.taobao.com
258.42,561.17,258.42,574.0,326.08,574.0,326.08,561.17,Net:600ml
275.92,541.33,275.92,557.67,310.92,557.67,310.92,541.33,Element
265.42,526.17,265.42,537.83,320.25,537.83,320.25,526.17,Resurrecllion
236.25,500.5,236.25,521.5,347.08,521.5,347.08,500.5,PH5.0Inteligence hair
235.08,470.17,235.08,497.0,345.92,497.0,345.92,470.17,Pure Soft
251.42,235.67,251.42,402.5,324.92,402.5,324.92,235.67,C
95.08,70.0,98.58,644.0,145.25,644.0,137.08,68.83,纯柔PH5.0智能修复霜
671.42,21.0,671.42,30.33,697.08,30.33,697.08,21.0,LXDH
