120.67,38.67,120.67,76.0,347.33,76.0,347.33,38.67,OhMyGiff
351.33,37.33,351.33,74.67,472.67,74.67,472.67,37.33,澳卖阁
530.0,21.33,530.0,78.67,766.0,78.67,766.0,21.33,直邮保真
532.67,80.0,532.67,136.0,764.67,136.0,764.67,80.0,良心低价
266.0,80.0,266.0,104.0,107.33,104.0,107.33,80.0,Healthy
439.33,81.33,439.33,102.67,347.33,102.67,347.33,81.33,###
291.33,118.67,291.33,129.33,206.0,129.33,206.0,118.67,###
472.67,86.67,472.67,122.67,118.0,122.67,118.0,86.67,澳洲实体店信誉保证
188.67,130.67,188.67,156.0,66.0,156.0,66.0,130.67,澳洲直邮
322.0,130.67,322.0,154.67,438.0,154.67,438.0,130.67,澳洲直邮
439.33,157.33,439.33,170.67,102.0,170.67,102.0,157.33,ArthritisRellef，HealthyCnolesterol
331.33,180.0,331.33,196.0,212.67,196.0,212.67,180.0,HeartHealth
440.67,224.0,440.67,260.0,103.33,260.0,103.33,224.0,HigherStrength
96.67,278.67,96.67,373.33,388.67,373.33,388.67,278.67,WILD
335.33,353.33,335.33,378.67,424.67,378.67,424.67,353.33,小蔡家
320.67,378.67,320.67,405.33,438.0,405.33,438.0,378.67,澳洲直邮
338.0,605.33,338.0,629.33,423.33,629.33,423.33,605.33,小蔡家
322.0,629.33,322.0,654.67,438.0,654.67,438.0,629.33,澳洲直邮
315.33,672.0,315.33,681.33,422.0,681.33,422.0,672.0,AUSTRALIANMADE
340.67,689.33,340.67,681.33,400.67,681.33,400.67,689.33,ANDOWNED
572.67,716.0,572.67,757.33,22.0,757.33,22.0,716.0,小蔡爸正在接受澳洲电视台采访
86.0,604.0,86.0,629.33,172.67,629.33,172.67,604.0,小蔡家
260.67,621.33,260.67,634.67,104.67,634.67,104.67,621.33,###
263.33,640.0,263.33,652.0,103.33,652.0,103.33,640.0,###
208.67,656.0,208.67,672.0,106.0,672.0,106.0,656.0,（KrillOil）1.5g
108.67,553.33,108.67,605.33,332.67,605.33,332.67,553.33,1500mg
106.0,482.67,106.0,542.67,223.33,542.67,223.33,482.67,OIL
104.67,381.33,104.67,476.0,435.33,476.0,435.33,381.33,KRILL
86.0,356.0,86.0,378.67,172.67,378.67,172.67,356.0,小蔡家
74.0,380.0,74.0,404.0,187.33,404.0,187.33,380.0,澳洲直邮
591.33,450.67,591.33,465.33,504.67,465.33,504.67,450.67,Healthy
686.0,446.67,686.0,464.0,640.67,464.0,640.67,446.67,Care
608.67,472.0,608.67,482.67,554.0,482.67,554.0,472.0,Ausstralia
695.33,486.67,695.33,500.0,635.33,500.0,635.33,486.67,Cholesterol
580.67,492.0,580.67,502.67,634.0,502.67,634.0,492.0,Healthy
532.67,490.67,532.67,502.67,576.67,502.67,576.67,490.67,Reliet
486.0,488.0,486.0,501.33,530.0,501.33,530.0,488.0,Acthrltis
548.67,505.33,548.67,516.0,634.0,516.0,634.0,505.33,HeartHearth
652.67,528.0,652.67,546.67,552.67,546.67,552.67,528.0,Strength
550.0,530.67,550.0,546.67,482.0,546.67,482.0,530.67,Higher
480.67,549.33,480.67,596.0,598.0,596.0,599.33,557.33,WILD
483.33,597.33,483.33,641.33,600.67,641.33,600.67,597.33,KRILI
483.33,642.67,483.33,673.33,528.67,673.33,528.67,642.67,OIL
540.67,646.67,540.67,674.67,582.0,674.67,582.0,646.67,150
486.0,674.67,486.0,684.0,572.67,689.33,571.33,680.0,###
484.67,684.0,488.67,694.67,576.67,698.67,574.0,690.67,###
488.67,700.0,488.67,712.0,503.33,712.0,503.33,700.0,30
124.67,710.67,124.67,728.0,154.0,728.0,154.0,710.67,30
