332.5,149.0,333.5,61.0,516.5,59.0,516.5,124.0,Little
275.5,209.0,275.5,148.0,549.5,148.0,549.5,209.0,Coughs
573.5,122.0,573.5,132.0,584.5,132.0,584.5,122.0,R
223.5,785.0,223.5,799.0,301.5,799.0,300.5,787.0,###
468.5,762.0,471.5,753.0,553.5,756.0,553.5,767.0,AUSTL201408
363.5,733.0,363.5,722.0,558.5,733.0,559.5,745.0,extractequiytodryleaf102mq
361.5,721.0,361.5,710.0,557.5,723.0,559.5,732.0,containsHederahelix(lvv)conc
419.5,703.0,416.5,720.0,561.5,720.0,558.5,708.0,Each5mLoforalliquid
303.5,748.0,305.5,734.0,222.5,723.0,221.5,736.0,OralLiquid
223.5,706.0,221.5,724.0,291.5,732.0,289.5,716.0,200mL
241.5,636.0,234.5,653.0,363.5,667.0,363.5,639.0,Non-drowsy
238.5,612.0,238.5,637.0,343.5,637.0,343.5,620.0,Sugarfree
238.5,583.0,236.5,615.0,419.5,615.0,414.5,600.0,Preservativefree
481.5,600.0,481.5,584.0,555.5,586.0,555.5,600.0,Extract
481.5,564.0,481.5,582.0,559.5,582.0,559.5,564.0,lvyLeaf
246.5,476.0,245.5,459.0,567.5,478.0,568.5,492.0,mucusandclearthechest
290.5,436.0,290.5,465.0,516.5,465.0,517.5,452.0,Helpsbeeakdown
334.5,385.0,333.5,402.0,480.5,409.0,479.5,389.0,Congestion
297.5,351.0,300.5,376.0,517.5,381.0,518.5,365.0,Coughs&Chesty
305.5,324.0,305.5,343.0,515.5,352.0,516.5,333.0,Soothingrelieffor
74.5,330.0,74.5,253.0,570.5,253.0,570.5,330.0,沫沫澳洲代购
