95.67,37.98,38.34,96.03,8.96,63.07,70.59,9.32,包邮
2.51,146.92,149.43,0.0,166.63,12.18,15.41,161.97,承诺正品正货假一赔十
267.89,174.58,267.89,184.04,294.55,184.04,294.55,174.58,###
266.17,186.62,266.17,196.08,292.83,196.08,292.83,186.62,###
230.91,179.74,223.17,204.68,250.69,203.82,253.27,179.74,18
254.99,201.24,252.41,205.54,265.31,204.68,264.45,200.38,cm
95.89,337.98,95.89,353.46,141.47,353.46,141.47,337.98,[杀菌、
153.51,347.44,153.51,362.06,215.43,362.06,215.43,347.44,日本品牌
153.51,363.78,153.51,374.1,217.15,374.1,217.15,363.78,原装进口
285.95,342.28,285.95,362.06,303.15,361.2,304.87,342.28,18
306.59,349.16,305.73,360.34,323.79,359.48,323.79,349.16,枚入
181.03,288.96,181.03,303.58,224.89,303.58,224.89,288.96,###
181.03,306.16,181.03,319.06,266.17,319.06,266.17,306.16,###
105.35,294.12,105.35,303.58,149.21,303.58,149.21,294.12,###
128.57,304.44,128.57,314.76,172.43,314.76,172.43,304.44,###
101.05,267.46,101.91,283.8,168.13,280.36,169.85,266.6,日本女性大人
155.23,215.0,155.23,224.46,242.09,224.46,242.09,215.0,###
254.99,208.98,254.99,224.46,287.67,224.46,287.67,208.98,###
301.43,220.16,301.43,228.76,312.61,228.76,312.61,220.16,###
310.03,418.82,290.25,392.16,408.07,351.74,414.95,368.94,BodyShop
364.21,417.96,353.89,403.34,393.45,377.54,402.91,390.44,进口馆
170.71,270.9,170.71,283.8,180.17,283.8,180.17,270.9,###
113.95,222.74,113.95,251.98,299.71,251.98,299.71,222.74,Sakurakoi
