10.22,126.22,124.89,11.56,182.67,65.78,64.44,176.89,包邮
389.78,228.44,389.78,274.67,486.67,274.67,486.67,228.44,H2O
392.44,282.67,392.44,327.11,485.78,327.11,485.78,282.67,杯水
314.22,338.67,314.33,358.67,476.0,361.78,476.0,338.67,WATER MASK
529.87,118.93,530.4,128.0,629.6,129.6,628.53,121.07,yISIXUE
572.53,98.67,573.78,118.22,626.22,118.22,628.0,99.73,伊思雪
218.22,576.89,218.22,599.11,249.33,599.11,249.33,576.89,4F
217.67,600.67,216.44,611.56,252.0,611.56,252.33,601.33,四层瞬透
297.67,561.33,297.0,580.0,418.22,582.22,419.67,563.33,3倍弹润+5倍养护
298.22,589.33,298.33,611.33,483.11,612.44,483.67,593.33,8杯水弹润紧致面贴膜
296.44,620.44,296.44,637.33,470.67,637.33,472.27,623.47,8CUPS WATER 4D MASK
295.0,635.33,294.67,645.33,419.47,648.53,419.67,640.67,Let the pursuit of partoct skin you
294.67,648.0,295.0,656.67,437.0,660.0,439.67,651.33,Always have zero dofects beauty skin
185.33,585.07,184.8,598.4,197.78,600.0,199.73,586.13,###
187.11,603.56,187.11,614.22,200.44,614.22,200.44,603.56,###
201.87,613.33,191.2,624.0,199.2,633.6,210.4,623.47,###
218.22,641.78,222.67,628.8,205.78,628.44,205.78,641.78,###
221.78,631.11,221.78,646.22,236.89,646.22,237.0,634.0,###
241.33,633.78,240.33,645.33,252.0,643.56,253.67,634.0,###
254.33,626.0,255.0,637.33,267.11,640.0,269.0,626.67,###
266.22,610.67,268.0,626.67,279.56,626.67,281.33,613.33,###
274.22,585.78,272.44,599.11,284.89,600.0,285.78,586.67,###
270.67,601.78,270.67,610.67,284.0,610.67,284.0,601.78,###
309.0,175.33,309.0,321.33,385.0,324.67,385.67,178.0,8
8.8,704.53,9.33,782.4,384.33,782.0,383.73,703.47,两盒检4元
415.0,706.67,415.0,778.0,785.67,778.0,785.67,706.67,四盒减8元
393.87,752.53,393.87,791.47,791.73,791.47,791.73,752.53,美容护肤小三化妆品店
635.47,107.2,635.47,100.8,628.53,100.8,628.53,107.2,###
