13.85,110.15,38.46,127.38,125.85,42.46,103.69,24.0,专柜正品
12.0,169.85,42.15,195.08,207.08,36.31,172.0,0.62,100%实拍
338.77,28.31,338.77,66.46,510.46,66.46,510.46,28.31,正品保障
341.85,74.46,341.85,110.77,388.62,110.77,388.62,74.46,7
391.69,90.46,391.69,112.0,484.0,112.0,484.0,90.46,天退货
428.62,281.23,428.62,292.31,482.15,292.31,482.15,281.23,RH7-1408
469.23,294.15,469.85,304.62,482.77,304.62,482.77,294.15,01
375.08,310.77,372.0,349.54,538.77,345.85,538.77,308.31,NMB
543.69,328.62,543.08,340.31,552.92,341.54,552.92,328.62,7
353.54,368.62,353.54,383.38,419.38,383.38,419.38,368.62,MODEL
388.62,388.31,386.77,402.46,519.08,397.54,519.69,384.0,2410ML-05W-B49
354.15,408.0,352.92,422.77,371.38,422.77,371.38,408.0,24
381.85,406.77,381.85,419.69,397.23,419.69,397.23,406.77,V
423.08,403.69,423.08,417.85,449.54,417.85,449.54,403.69,DC
496.31,401.85,496.31,414.77,528.31,414.77,528.31,401.85,0.12
536.31,399.38,536.31,413.54,548.0,413.54,548.0,399.38,A
337.54,434.46,337.54,449.85,358.46,449.85,358.46,434.46,DC
368.92,433.23,368.31,448.0,458.77,444.92,461.23,428.92,BRUSHLESS
469.85,428.92,469.85,441.85,498.15,441.85,498.15,428.92,FAN
508.62,426.46,508.62,441.85,559.69,441.85,560.92,425.85,MOTOR
363.38,456.0,364.0,468.31,450.15,465.23,450.15,451.69,MINEBEA
459.38,451.08,459.38,462.15,486.46,462.77,487.08,451.08,CO
503.08,448.62,503.08,461.54,538.15,461.54,538.15,448.62,LTO
375.69,486.15,375.69,497.23,396.0,496.62,397.23,485.54,###
410.15,476.92,410.15,489.85,456.92,489.85,458.15,475.69,MADE
463.08,474.46,463.08,487.38,478.46,487.38,478.46,474.46,IN
482.15,474.46,482.77,487.38,519.69,484.92,520.31,472.0,CHIN
432.31,492.31,432.31,507.08,459.38,507.08,459.38,492.31,RED
488.31,490.46,487.08,503.38,532.0,503.38,532.0,488.62,BLACK
456.92,512.62,456.92,526.15,469.85,524.92,470.46,512.62,SA
484.0,508.92,484.0,527.38,508.62,527.38,508.62,508.92,SU
450.15,530.46,450.15,539.08,482.15,539.08,482.15,530.46,###
399.08,515.08,399.08,531.08,416.92,531.08,416.92,515.08,CE
427.38,520.0,427.38,527.38,445.23,527.38,445.23,520.0,###
224.92,574.15,224.92,583.38,321.54,583.38,321.54,574.15,###
334.46,573.54,334.46,582.77,424.92,582.77,424.92,573.54,###
436.62,572.92,436.62,582.77,528.92,582.77,528.92,572.92,###
540.0,573.54,540.0,584.0,631.69,584.0,631.69,573.54,###
316.0,593.85,316.0,622.15,568.92,622.15,568.92,593.85,艺兴散热商行
232.92,652.31,232.92,661.54,321.54,661.54,321.54,652.31,###
335.08,652.31,335.08,662.15,425.54,662.15,425.54,652.31,###
283.38,624.62,283.38,640.62,589.23,640.62,586.15,627.69,shapl06520856.taobao.com
438.46,652.92,438.46,661.54,528.31,661.54,528.31,652.92,###
540.62,652.31,540.62,661.54,631.08,661.54,631.08,652.31,###
51.38,708.92,51.38,790.77,741.85,790.77,741.85,708.92,赠运费险可开发票
