5.2,761.6,10.0,776.8,46.8,766.4,38.0,745.6,扣馆
184.4,687.2,189.2,704.0,314.0,656.0,310.0,639.2,###
363.6,752.0,370.0,771.2,494.0,720.0,490.0,704.0,台湾品牌折扣馆
605.2,792.0,607.6,799.2,663.6,791.2,656.4,772.8,扣馆
630.0,644.8,638.8,664.0,762.0,611.2,754.8,593.6,台湾品牌折扣馆
448.4,576.8,453.2,597.6,581.2,546.4,574.8,527.2,台湾品牌折扣馆
2.0,623.2,6.8,644.0,130.8,592.0,123.6,574.4,台湾品牌折扣馆
265.2,516.8,273.2,535.2,398.0,483.2,390.0,464.0,台湾品牌折扣馆
715.6,469.6,723.6,489.6,798.8,455.2,798.0,437.6,台湾品牌折
70.8,458.4,74.8,476.0,202.0,424.0,194.0,407.2,台湾品牌折扣馆
522.0,405.6,522.0,435.2,651.6,433.6,649.2,408.8,专柜正品
520.4,363.2,520.4,401.6,789.2,401.6,789.2,363.2,台湾品牌折扣馆
209.2,384.0,209.2,400.0,365.2,400.0,365.2,384.0,电话：15201995080
370.8,386.4,370.8,399.2,505.2,399.2,505.2,386.4,或18017720980
382.0,365.6,382.0,379.2,414.0,379.2,414.0,365.6,微信：
418.0,369.6,418.0,379.2,504.4,379.2,504.4,369.6,ganxiaozi
209.2,364.8,209.2,379.2,262.8,379.2,262.8,364.8,咨询QQ：
266.8,368.0,266.8,379.2,361.2,379.2,361.2,368.0,151863932
24.4,419.2,24.4,432.0,254.0,432.0,254.0,419.2,淘宝店：TWPPZKG.TAORAO.COM
257.2,419.2,257.2,432.0,505.2,432.0,505.2,419.2,或SHOP72065844.TAOBAOCOM
339.6,348.8,344.4,368.8,470.8,314.4,462.8,298.4,台湾品牌折扣馆
170.0,278.4,178.8,296.0,302.0,245.6,294.0,229.6,台湾品牌折扣馆
435.6,170.4,443.6,187.2,550.0,143.2,545.2,126.4,台湾品牌折扣馆
606.0,240.0,609.2,256.0,737.2,205.6,730.0,187.2,台湾品牌折扣馆
704.4,61.6,710.0,79.2,798.8,45.6,793.2,23.2,台湾品牌折
240.4,111.2,250.0,128.8,342.0,91.2,334.8,76.0,台湾品牌折扣馆
72.4,41.6,82.8,58.4,226.8,0.8,171.6,1.6,台湾品牌折扣馆
0.4,209.6,0.4,232.0,105.2,189.6,101.2,169.6,湾品牌折扣馆
1.2,347.2,-0.4,368.8,32.4,356.0,30.0,338.4,扣馆
662.0,406.4,662.0,436.8,794.0,436.8,794.0,406.4,假一赔三
534.8,411.2,538.8,425.6,666.0,374.4,656.4,358.4,台湾品牌折扣馆
