264.9,222.0,264.9,246.0,390.9,246.0,390.9,222.0,BIODROGA
264.9,256.8,264.9,247.8,392.1,247.8,392.1,256.8,###
283.5,369.6,283.5,385.2,379.5,385.2,379.5,369.6,CLEANSING
279.9,440.4,279.9,451.2,384.3,450.6,387.3,439.2,for normal and dry skin
291.3,462.6,291.3,472.2,376.5,472.2,375.9,460.8,###
299.7,529.8,299.7,543.6,312.9,543.6,312.9,529.8,e
316.5,528.6,316.5,543.0,372.9,543.0,372.9,528.6,190ml64FL0Z
444.9,483.0,469.5,508.2,567.9,393.6,543.9,358.8,：477577
307.5,535.8,335.1,556.2,543.9,309.6,516.9,281.4,TEL:15300087799
272.7,462.0,296.7,489.6,473.1,287.4,438.3,261.0,。甜甜时尚屋。
297.3,429.0,297.3,437.4,369.3,437.4,369.3,429.0,Milky Cleanser
294.3,397.2,292.5,405.0,372.9,404.4,373.5,397.2,Reinigungsmilcn
375.3,473.4,375.3,480.0,392.1,478.2,392.1,470.4,###
269.1,474.0,269.7,485.4,372.9,483.6,373.5,475.8,pour peaux normales et
265.5,405.0,265.5,418.0,317.5,418.0,317.5,409.0,###
