506.5,737.93,504.54,755.53,614.06,758.46,614.06,739.88,橄榄倍润护手霜
504.54,719.35,504.54,735.97,650.23,735.97,650.23,719.35,intensivehandcream
505.52,701.75,506.41,715.76,536.81,716.41,536.81,701.75,olive
715.74,80.06,715.74,786.01,848.72,786.01,848.72,80.06,2件包邮
585.61,351.1,585.61,363.9,608.81,363.9,608.81,351.1,精华
574.41,337.5,574.41,349.5,630.41,349.5,630.41,337.5,橄榄叶萃取
588.81,319.9,588.81,333.5,617.61,333.5,617.61,319.9,添加
518.41,319.9,518.41,335.1,545.61,334.3,545.61,319.9,源自
511.21,337.5,511.21,348.7,567.21,348.7,567.21,337.5,意大利韧榨
520.81,351.9,520.81,363.1,556.01,363.1,556.01,351.9,橄榄油
502.41,213.5,509.61,250.3,606.41,226.3,600.01,194.3,oeiue
554.41,239.1,554.41,249.5,605.61,249.5,605.61,239.1,bywatsons
252.01,640.56,252.01,657.36,353.61,657.36,353.61,640.56,橄榄倍润护手霜
230.41,616.56,230.41,631.76,376.01,631.76,376.01,616.56,oliveintensivehandcream
304.01,280.92,304.01,289.72,367.21,289.72,367.21,280.92,bywatsons
577.61,248.12,577.61,248.12,576.81,248.12,576.81,248.12,###
244.01,242.52,244.81,285.72,369.61,264.12,365.61,229.72,oeiue
69.61,145.79,69.61,183.39,160.81,183.39,160.81,145.79,LOVE
180.01,149.79,180.01,178.59,205.61,178.59,205.61,149.79,U
40.01,48.99,40.01,83.39,102.41,83.39,102.41,48.99,欣婷
104.01,59.39,104.01,92.99,148.81,92.99,148.81,59.39,卡U
13.61,79.39,23.21,88.99,53.61,47.39,47.21,34.59,###
49.61,29.79,57.61,39.39,113.61,16.19,111.21,2.59,###
116.01,1.79,115.21,16.99,180.81,20.99,184.01,11.39,###
200.01,19.39,188.81,25.79,240.01,76.99,244.01,67.39,###
256.47,159.96,256.47,173.79,338.19,173.79,338.19,159.96,###
