91.74,535.84,91.74,557.17,179.74,557.17,179.74,535.84,皇冠信誉
188.27,535.84,188.27,557.7,322.14,557.7,322.14,535.84,专柜正品代购
331.74,535.84,331.74,557.17,419.21,557.17,419.21,535.84,假一赔十
134.94,488.37,134.94,532.1,364.81,532.1,364.81,488.37,莉莉靓衣馆
88.81,508.0,96.49,517.6,146.41,481.21,138.25,472.57,莉莉靓衣馆
215.53,412.61,223.69,421.73,281.29,379.01,274.09,368.93,专柜正品代购
360.01,303.21,367.21,314.25,416.65,279.21,408.97,266.73,莉莉靓衣馆
78.73,379.05,86.41,391.53,135.37,355.53,129.13,344.01,莉莉靓衣馆
204.97,284.97,213.13,294.09,271.21,251.85,264.97,242.25,专柜正品代购
349.93,176.58,358.09,186.66,406.09,149.22,398.89,140.1,莉莉靓衣馆
49.45,261.1,56.17,273.58,103.21,236.62,96.97,226.54,莉莉靓衣馆
169.93,169.9,177.13,181.42,232.33,140.14,224.17,129.58,专柜正品代购
306.73,69.24,314.89,78.36,358.57,43.32,351.37,34.2,莉莉靓衣馆
