93.45,638.55,93.45,688.73,316.0,688.73,313.82,645.09,直邮正品
90.55,560.73,90.55,612.36,318.18,612.36,317.45,562.91,实物拍摄
89.09,477.82,89.09,529.45,308.0,525.82,310.18,480.73,清热去火
85.45,392.0,85.45,437.82,313.82,437.82,313.82,392.0,风味浓郁
90.55,296.73,90.55,349.09,313.82,349.09,313.82,296.73,营养美味
4.73,142.55,4.73,187.64,332.73,187.64,332.73,142.55,柠檬蜂蜜500克
12.73,87.27,12.73,122.91,328.36,122.91,328.36,87.27,streamland
412.73,89.45,412.73,133.09,660.0,133.09,660.0,89.45,selina澳洲淘
440.36,301.82,440.36,320.73,614.91,320.73,614.91,301.82,STREAMLANO
372.0,377.45,372.0,402.18,510.91,402.18,510.91,377.45,Lemon
374.18,437.09,374.18,461.09,503.64,461.09,503.64,437.09,Honey
434.55,415.27,436.0,428.36,448.36,429.82,448.36,415.27,n
373.45,493.09,374.18,505.45,518.18,505.45,517.45,492.36,Forgeneralhealth
373.45,512.0,373.45,526.55,484.73,526.55,484.73,512.0,andwellbeing
373.45,645.09,372.0,658.18,406.91,664.0,407.64,648.0,500g
380.73,597.09,381.45,610.18,454.18,610.91,455.64,597.09,NewZealand
381.45,578.91,382.91,592.0,440.36,593.45,444.0,580.36,productof
493.45,314.18,493.45,313.45,493.45,313.45,493.45,314.18,###
24.5,564.0,25.5,602.0,75.5,591.0,75.5,561.0,100
72.5,616.0,72.5,595.0,26.5,595.0,26.5,616.0,二
