271.56,744.89,271.56,789.33,493.78,789.33,493.78,744.89,握感十足
516.89,717.33,516.89,774.22,596.0,745.78,597.78,717.33,高
582.67,752.89,582.67,786.67,790.67,786.67,790.67,752.89,王梓宁0725
447.56,602.67,445.78,623.11,473.33,616.89,473.33,592.0,LI
364.0,371.64,372.73,381.09,396.73,365.09,388.0,359.27,DPI
424.36,293.09,418.55,299.64,496.36,306.18,502.18,300.36,###
441.82,301.09,441.09,306.91,493.45,312.73,497.09,306.91,###
505.82,309.09,500.0,313.45,522.55,322.18,525.45,314.91,###
538.55,318.55,536.36,324.36,557.45,333.09,567.64,330.18,###
46.91,275.64,46.18,298.91,192.36,281.45,198.91,259.64,三色全彩呼吸灯
222.18,254.55,220.0,279.27,351.64,261.09,351.64,240.0,高达000DI
358.91,238.55,358.18,259.64,442.55,250.18,441.09,228.36,回弹极速
454.18,225.45,457.82,248.0,572.0,232.73,569.82,209.45,·定位高精准
62.91,151.27,50.55,246.55,497.09,199.27,502.91,106.18,超神装备
164.0,80.73,159.64,118.55,309.45,102.55,306.55,69.82,游戏鼠标
334.91,66.18,334.18,98.91,592.36,71.27,585.09,37.82,LOL超神装备一
139.27,100.36,122.55,120.0,159.64,116.36,159.64,88.73,###
