60.67,81.33,60.67,110.67,166.0,110.67,166.0,81.33,欧诗漫
20.67,14.67,20.67,72.0,199.33,72.0,199.33,14.67,OSM
204.67,244.0,204.67,294.67,270.0,294.67,270.0,244.0,30
202.0,306.67,202.0,329.33,271.33,329.33,271.33,306.67,###
723.33,112.0,723.33,202.67,443.33,202.67,443.33,112.0,10小时
655.33,361.33,659.33,378.67,610.0,388.0,607.33,370.67,OSM
650.0,382.67,654.0,390.67,623.33,397.33,622.0,388.0,欧诗漫
718.0,433.33,718.0,450.67,670.0,450.67,670.0,433.33,OSM
708.67,452.0,708.67,460.0,679.33,460.0,679.33,452.0,欧诗漫
539.33,481.33,539.33,496.0,610.0,496.0,610.0,481.33,亮蚕丝面膜
540.67,497.33,540.67,506.67,608.67,506.67,608.67,497.33,###
642.0,590.67,642.0,645.33,699.33,645.33,699.33,590.67,送
476.67,489.33,476.67,509.33,531.33,509.33,531.33,489.33,OSM
486.0,517.33,486.0,524.0,520.67,524.0,520.67,517.33,###
475.33,526.67,475.33,534.67,532.67,534.67,532.67,526.67,###
492.67,536.0,492.67,541.33,515.33,541.33,515.33,536.0,###
479.33,544.0,479.33,553.33,528.67,553.33,528.67,544.0,###
487.33,593.33,487.33,602.67,520.67,602.67,520.67,593.33,欧诗漫
403.33,557.33,403.33,568.0,439.33,568.0,439.33,557.33,欧诗漫
391.33,452.0,391.33,462.67,452.67,462.67,452.67,452.0,###
371.33,438.67,371.33,448.0,463.33,448.0,463.33,438.67,###
394.0,426.67,394.0,436.0,448.67,436.0,448.67,426.67,###
386.0,388.0,386.0,412.0,458.0,412.0,458.0,388.0,OSM
203.33,482.67,203.33,504.0,271.33,504.0,271.33,482.67,OSM
180.67,388.0,180.67,404.0,294.0,404.0,294.0,388.0,珍珠清透嫩白防晒乳
174.0,369.33,174.0,382.67,299.33,382.67,299.33,369.33,SUNPROOFEMUISION
195.33,337.33,195.33,350.67,279.33,350.67,279.33,337.33,OSMPEARIS
16.67,728.0,16.67,789.33,392.67,789.33,392.67,728.0,搭配指定套餐
787.33,728.0,787.33,788.0,412.67,788.0,412.67,728.0,买防晒巨省钱
772.67,213.33,772.67,301.33,394.0,301.33,394.0,213.33,超长防晒
310.0,353.33,310.0,365.33,163.33,365.33,163.33,353.33,PEARLFRESHWHITENING
