173.05,842.05,173.05,3336.08,583.37,3336.08,583.37,842.05,加拿大发货
715.38,720.74,715.38,3478.8,954.44,3478.8,954.44,720.74,购买本品两罐包直邮
2106.9,3104.16,2106.9,3186.22,3031.02,3186.22,3031.02,3104.16,保证100%正品直采直邮
2492.25,3528.75,2456.57,3564.43,2948.95,3564.43,2948.95,3525.18,###
2114.04,2943.6,2114.04,3086.32,3277.21,3086.32,3277.21,2943.6,凯莉加拿大直邮店
1685.88,2783.04,1671.61,2865.1,1807.19,2915.06,1807.19,2822.29,822g
1996.3,2383.42,2017.7,2494.03,2185.4,2533.28,2196.1,2444.08,ROC
1967.75,2240.7,1939.21,2344.18,2370.94,2451.22,2367.37,2347.74,ALMOND
2153.29,2065.87,2153.29,2119.39,2766.98,2126.53,2763.42,2058.74,AVECAMANDES
1982.02,1973.1,1989.16,2033.76,2906.14,2037.33,2888.3,1958.83,CROQUANTSAUBEURRE
2103.34,1873.2,2103.34,1944.56,2809.8,1944.56,2809.8,1873.2,WITHALMONDS/
2007.0,1787.57,2017.7,1851.79,2913.27,1855.36,2920.41,1784.0,BUTTERCRUNCHTOFFEE
2973.93,1280.91,2973.93,1320.16,3002.47,1320.16,3016.74,1280.91,R
1789.35,1213.12,1789.35,1655.55,3059.56,1655.55,2913.27,1241.66,ROCA
1721.56,849.18,1721.56,1195.28,3130.92,1184.58,3130.92,874.16,ALMOND
2303.14,735.01,2303.14,777.82,2570.74,777.82,2570.74,735.01,100YEARS
2092.63,674.35,2110.47,752.85,2406.62,685.06,2399.48,620.83,BROWN
2420.89,620.83,2417.32,685.06,2763.42,745.71,2777.69,670.78,&ILALEY
