256.31,88.0,260.62,100.92,211.38,113.85,206.46,100.92,万宁独家
239.08,116.31,239.08,137.23,282.77,137.23,282.77,116.31,极致
238.46,139.69,238.46,160.0,282.77,160.0,282.77,139.69,焕白
221.23,189.54,223.08,198.77,242.15,196.92,240.31,187.08,补水
248.92,187.08,248.92,196.92,267.38,196.92,267.38,187.08,锁水
276.0,187.08,277.23,196.31,304.92,198.77,302.46,189.54,更持久
266.77,175.38,266.77,183.38,296.92,183.38,296.92,175.38,###
226.15,179.08,226.15,185.85,265.54,182.77,265.54,176.62,###
401.54,88.0,401.54,201.23,420.0,201.23,420.0,88.0,黑珍珠面膜
403.38,217.85,403.38,358.77,416.31,358.77,416.31,217.85,极致焕白·水漾透润
520.92,220.92,520.92,433.85,549.23,433.85,549.23,220.92,我的美麗日記
325.23,523.69,325.23,533.54,210.15,533.54,210.15,523.69,BlackPeartMask
268.62,542.15,268.62,551.38,209.54,551.38,209.54,542.15,Whitening
276.62,558.77,276.62,566.15,209.54,566.15,209.54,558.77,Nourising
260.0,675.08,260.0,687.38,211.38,687.38,211.38,675.08,10pieces
395.38,714.46,396.62,757.54,230.46,759.38,230.46,713.85,艾美丽?
601.54,712.0,601.54,759.38,409.54,759.38,409.54,712.0,香港代购
266.77,768.62,266.77,789.54,330.15,789.54,330.15,768.62,EMILY
341.85,768.62,341.85,788.31,392.92,788.31,392.92,768.62,HONG
404.62,768.62,404.62,789.54,455.69,789.54,455.69,768.62,KONG
469.23,769.23,469.23,788.31,570.15,788.31,570.15,769.23,PURCHASE
551.08,384.0,551.08,393.23,560.92,393.23,560.92,384.0,?
252.62,153.85,252.62,154.46,252.62,154.46,252.62,153.85,###
