252.73,0.0,252.73,73.45,560.36,73.45,560.36,0.0,龙新商行
200.36,109.09,200.36,138.18,318.91,138.18,318.91,109.09,盗版必究
207.64,139.64,208.36,159.27,348.73,159.27,348.73,141.09,100%实物拍摄
373.45,160.0,373.45,175.27,425.09,175.27,425.09,160.0,ADDA
341.45,189.09,341.45,198.55,363.27,198.55,363.27,189.09,DC
369.82,188.36,369.82,199.27,460.0,199.27,460.0,188.36,BRUSHLESS
331.27,199.27,331.27,210.18,372.0,210.18,372.0,199.27,MODEL
376.36,201.45,376.36,210.18,470.18,210.18,470.18,201.45,AD1212UB-A73GL
344.36,213.82,344.36,222.55,358.91,222.55,352.36,217.45,DC
334.18,237.82,334.18,244.36,345.82,244.36,346.55,237.82,ZP
387.27,213.09,387.27,223.27,404.73,223.27,404.73,213.09,12V
377.82,225.45,377.82,233.45,404.0,233.45,404.0,225.45,0.50A
457.09,213.82,457.09,223.27,464.36,223.27,464.36,213.82,S
454.18,224.0,454.18,233.45,466.55,233.45,466.55,224.0,(8)
454.18,237.82,454.18,245.09,467.27,245.09,467.27,237.82,CS
367.64,234.18,367.64,242.91,396.0,242.91,396.0,234.18,ADDA
402.55,234.18,402.55,242.91,434.55,242.91,434.55,234.18,CORP
388.0,248.73,388.0,258.91,417.09,258.91,417.09,248.73,4X297
434.55,257.45,434.55,264.0,452.73,264.0,452.73,257.45,###
388.0,263.27,388.0,282.18,399.64,282.91,400.36,263.27,(
401.82,261.09,402.55,283.64,412.73,280.0,412.73,261.09,###
367.64,277.09,365.45,285.09,393.82,293.09,394.55,284.36,MADE
396.73,282.91,396.73,291.64,404.73,291.64,404.73,282.91,IN
407.64,293.09,406.18,282.91,431.64,278.55,435.27,285.82,CHINA
304.36,433.45,302.18,447.27,470.91,447.27,472.36,432.0,联系电话：13592903220
361.09,262.55,361.09,276.36,383.64,276.36,383.64,262.55,###
356.73,268.36,356.73,277.09,362.55,277.09,362.55,268.36,###
342.91,245.09,342.91,261.09,366.18,261.09,366.18,245.09,###
