611.92,1.17,541.92,77.0,623.58,152.83,692.42,74.67,抢
504.58,257.83,502.25,395.5,695.92,415.33,695.92,254.33,诚
569.92,413.0,569.92,471.33,617.75,471.33,617.75,413.0,信
624.75,442.17,624.75,590.33,691.25,590.33,691.25,442.17,為本
266.58,288.17,266.58,318.5,481.25,317.33,481.25,288.17,廣陽厨具設備
264.25,326.67,264.25,341.83,305.08,341.83,305.08,326.67,陈生：
320.25,323.17,320.25,343.0,449.75,343.0,449.75,323.17,13711653979
60.08,624.17,60.08,689.5,238.58,689.5,238.58,624.17,100%
245.58,641.67,245.58,691.83,452.08,691.83,452.08,641.67,正品保证
215.25,574.0,210.58,635.83,415.92,635.83,414.75,574.0,（加厚）
78.75,572.83,78.75,572.83,79.92,572.83,79.92,572.83,###
4.08,536.67,4.08,600.83,209.42,602.0,209.42,536.67,单层款
2.92,469.0,2.92,533.17,211.75,533.17,211.75,469.0,不锈钢
-0.58,400.17,-0.58,462.0,211.75,462.0,211.75,400.17,燃炭型
12.25,331.33,12.25,380.33,86.92,380.33,86.92,331.33,80
95.08,341.83,95.08,381.5,181.42,381.5,181.42,341.83,cm
585.08,523.83,585.08,574.0,607.25,574.0,607.25,523.83,###
