488.9,733.87,488.9,742.76,528.9,749.87,530.68,741.87,4Shair
532.45,740.98,534.23,750.76,574.23,750.76,574.23,740.98,repair
577.79,742.76,578.68,751.65,617.79,745.43,618.68,739.2,###
525.34,722.32,525.34,735.65,582.23,735.65,582.23,722.32,D.H.T.C
521.79,695.65,521.79,707.2,584.9,707.2,584.9,695.65,PH5.5-5.6
490.47,706.83,488.01,711.14,544.01,718.76,544.9,713.43,###
550.16,712.99,548.93,717.91,583.39,717.91,582.16,711.14,###
584.62,711.76,585.24,717.3,621.55,713.6,620.31,706.83,###
464.01,670.53,464.62,676.06,505.85,686.53,505.85,679.76,###
508.93,680.37,510.16,686.53,570.47,690.22,569.85,684.06,###
574.78,685.3,574.16,692.06,621.55,686.53,621.55,679.14,###
624.01,676.06,625.24,685.91,649.85,680.37,649.24,673.6,###
481.24,648.99,479.39,666.83,547.08,677.3,547.7,658.22,CONDI
550.78,657.6,550.78,674.83,631.39,670.53,633.24,652.68,TIONER
489.85,628.68,486.16,644.06,515.7,653.3,521.85,634.22,silky
526.16,636.68,524.93,649.6,588.93,649.6,588.31,637.3,smooth
592.01,633.6,592.01,649.6,624.01,649.6,624.01,633.6,hair
510.78,616.99,512.01,628.68,558.78,631.14,555.08,618.83,CRYSTAL
563.7,620.06,563.7,629.3,598.78,629.3,598.78,620.06,AQUA
492.93,340.9,492.93,427.06,576.62,427.06,576.62,340.9,D
546.47,431.98,546.47,483.67,604.31,483.67,604.31,431.98,O
588.31,494.13,588.31,536.6,619.7,536.6,619.7,494.13,P
555.7,285.52,555.7,299.67,655.39,299.67,655.39,285.52,DUBING
49.24,749.3,49.24,762.83,104.01,762.83,104.01,749.3,Haircare
43.7,738.83,43.7,748.06,123.7,748.06,123.7,738.83,Proressiona
44.93,711.14,44.93,726.53,308.93,726.53,308.93,711.14,SMSALON.TAOBAO.COM
45.55,590.53,45.55,628.06,332.93,628.06,332.93,590.53,独品丝质柔韧凝露
41.24,429.97,41.24,508.74,260.31,508.74,260.31,429.97,55.0
49.24,543.2,49.24,556.12,81.24,556.12,81.24,543.2,Price
49.85,532.68,49.85,542.53,129.85,542.53,130.47,533.3,Panicbucing
48.62,387.73,48.62,412.96,211.7,412.96,211.7,387.73,三木专享价▼
44.31,272.71,44.31,352.09,362.47,352.09,362.47,272.71,水润保湿
44.31,177.38,44.31,256.76,360.01,256.76,360.01,177.38,烫染修复
54.78,141.74,54.78,158.36,196.31,158.36,196.31,141.74,RECOMMEND
54.16,115.9,54.16,134.36,113.24,134.36,113.24,115.9,SMYP
46.78,24.82,46.78,72.2,428.93,72.2,428.93,24.82,三木优品专业护发
