346.21,453.36,346.21,497.16,435.01,497.16,435.01,453.36,立减
348.01,438.96,348.01,447.96,438.61,447.96,438.61,438.96,preferential
349.21,407.76,349.21,434.16,429.01,434.16,429.01,407.76,满100
432.01,395.16,432.01,497.76,529.21,497.76,529.21,395.16,10
104.41,444.36,104.41,465.96,196.21,465.96,196.21,444.36,新品上架
103.21,413.16,103.21,440.16,201.61,440.16,201.61,413.16,NEW
19.21,405.36,19.21,467.76,82.21,467.76,82.21,405.36,新
419.41,85.78,419.41,125.38,503.41,125.38,503.41,85.78,包邮
402.61,28.18,402.61,82.18,507.01,82.18,507.01,28.18,全场
0.01,22.78,0.01,98.38,218.41,98.38,218.41,22.78,琪衫阁
