14.67,28.44,14.67,8.89,156.0,8.89,156.0,28.44,汽车贴纸改装车瑟
12.0,48.89,12.0,27.56,155.11,33.78,155.11,46.22,http://qaichese88.taobao.com
39.56,65.78,39.56,46.22,132.0,46.22,132.0,65.78,认准旺旺：
60.0,636.44,60.0,613.33,198.67,613.33,198.67,636.44,汽车贴纸改装车瑟
54.67,650.67,54.67,635.56,200.44,635.56,200.44,650.67,http://qaichese88.taobao.com
84.89,672.89,84.89,653.33,174.67,653.33,174.67,672.89,认准旺旺：
657.33,764.44,657.33,739.56,797.78,739.56,797.78,764.44,汽车贴纸改装车瑟
653.78,778.67,653.78,766.22,799.56,766.22,799.56,778.67,http://qaichese88.taobao.com
684.0,799.11,684.0,780.44,772.89,780.44,772.89,799.11,认准旺旺：
438.67,515.56,431.56,494.22,555.11,460.44,557.78,487.11,Poweredby
439.56,543.11,431.56,520.0,660.89,456.0,665.33,479.11,MotorsportSPORT
