159.58,80.0,159.58,120.0,346.25,120.0,346.25,80.0,NANNY
190.42,122.5,190.42,152.5,288.75,152.5,288.75,122.5,care
200.42,325.83,201.25,334.17,237.92,336.67,236.25,327.5,From
242.92,325.0,242.92,336.67,251.25,336.67,251.25,325.0,6
311.25,323.33,311.25,333.33,256.25,335.0,256.25,326.67,months
341.25,340.0,342.92,355.83,296.25,363.33,297.92,347.5,milk
256.25,349.17,256.25,365.83,287.92,365.83,287.92,349.17,on
168.75,342.5,168.75,358.33,244.58,366.67,247.92,350.0,Follow
194.58,370.83,195.42,380.83,232.92,385.0,232.92,374.17,GOAT
236.25,375.0,236.25,385.83,269.58,385.83,269.58,375.0,MILK
315.42,370.0,316.25,380.83,273.75,385.83,273.75,374.17,BASED
97.92,417.5,97.92,460.0,138.75,460.0,138.75,417.5,羊
301.25,447.5,301.25,462.5,176.25,462.5,176.25,447.5,Annycare
248.75,473.33,248.75,490.83,307.08,490.83,307.08,473.33,900g
171.25,470.0,171.25,496.67,248.75,496.67,248.75,470.0,羊奶粉
325.42,451.67,325.42,490.0,489.58,490.0,489.58,451.67,英国直邮
280.42,414.17,274.58,430.83,352.92,443.33,358.75,428.33,英超奶粉
241.25,269.17,241.25,314.17,274.58,314.17,274.58,269.17,2
263.75,429.17,262.92,438.33,312.08,446.67,312.92,438.33,###
118.54,77.08,118.54,80.83,125.63,83.33,125.63,79.17,###
117.29,84.17,117.71,87.92,125.63,90.42,125.63,85.83,###
118.13,104.17,117.71,110.42,129.79,112.92,130.63,107.92,###
116.46,118.33,116.88,122.5,130.63,126.25,131.04,122.5,###
117.29,125.83,117.71,128.75,124.79,131.25,124.79,125.83,###
119.79,150.0,119.38,152.5,132.71,157.5,133.13,153.33,###
120.21,155.42,120.21,160.0,133.54,165.42,133.96,160.0,###
119.79,162.5,119.38,167.5,131.04,171.67,131.46,167.92,###
118.13,219.58,118.13,223.33,128.13,230.83,128.54,224.17,###
119.38,292.92,118.13,296.67,126.04,303.33,127.71,299.17,###
121.04,302.08,119.79,305.83,126.46,309.58,127.29,305.83,###
122.71,309.17,120.63,311.25,130.63,317.5,131.46,313.33,###
373.96,81.25,373.54,85.83,383.54,82.5,382.29,79.17,###
372.71,88.33,373.96,93.33,382.71,89.17,382.29,85.83,###
373.54,132.5,373.54,136.67,383.13,134.17,383.13,130.42,###
372.29,139.17,372.29,144.17,383.54,139.58,382.29,136.25,###
373.13,145.0,373.13,148.33,382.29,146.25,382.29,142.08,###
371.04,151.67,371.46,153.75,381.88,150.0,381.04,146.67,###
371.46,157.08,372.29,160.0,379.38,155.83,378.96,152.08,###
371.04,217.08,372.71,222.08,381.88,215.42,381.04,211.67,###
371.04,225.0,372.71,228.75,383.54,220.83,382.71,217.08,###
371.46,231.25,374.79,234.17,383.54,225.83,382.29,222.92,###
371.46,260.0,373.96,263.33,380.63,258.33,380.21,253.75,###
374.79,264.17,375.21,268.75,381.88,265.0,381.88,260.42,###
372.29,274.17,372.29,278.33,382.71,272.5,381.88,268.33,###
372.71,279.58,373.96,283.33,382.29,277.92,382.71,274.17,###
374.38,286.25,373.54,290.0,381.46,285.42,382.29,279.58,###
371.88,293.75,373.54,296.67,384.79,288.75,383.13,286.25,###
372.71,297.5,374.79,302.08,383.13,293.75,383.13,291.25,###
373.13,303.75,373.96,307.92,383.13,298.75,382.29,296.25,###
373.54,326.25,372.29,332.08,382.71,322.92,383.13,317.92,###
372.29,333.75,373.13,336.67,383.13,327.5,382.71,324.58,###
372.29,340.0,373.13,342.08,383.13,333.75,383.13,330.0,###
372.29,344.58,373.54,349.17,381.88,341.67,382.29,337.5,###
372.29,350.83,373.96,353.75,382.29,345.83,382.71,343.75,###
372.29,355.83,373.13,360.0,381.88,351.67,382.29,347.92,###
372.29,362.08,373.96,365.42,383.13,356.25,382.71,353.75,###
373.13,367.5,373.13,372.5,383.54,361.67,383.13,359.58,###
