305.2,102.4,305.2,115.2,218.0,115.2,218.0,102.4,Logitech'
475.6,115.2,477.2,132.8,218.0,136.8,218.8,122.4,PerformanceMouseM950
598.0,117.6,599.6,127.2,540.4,129.6,538.0,120.8,Logitech.
334.0,140.8,334.8,148.8,214.8,151.2,216.4,144.0,Thepowertoachieve
277.2,152.0,277.2,164.8,214.8,164.8,214.8,152.0,成就的力量
503.6,344.8,503.6,351.2,450.0,365.6,448.4,359.2,###
500.4,262.4,504.4,269.6,474.0,283.2,470.8,277.6,###
620.4,419.2,620.4,424.8,576.4,424.8,576.4,419.2,###
637.2,459.2,637.2,467.2,592.4,468.8,592.4,460.0,unifying
394.0,474.4,394.0,484.8,196.4,491.2,198.0,481.6,###
290.8,462.4,290.0,472.0,205.2,475.2,206.8,465.6,通过微型USB系统充电
329.2,449.6,329.2,460.0,206.0,464.0,206.0,454.4,无需拔出的罗技'Unifying接收器
398.0,436.0,398.8,446.4,206.8,452.8,206.0,443.2,几乎可以追踪任何位置-即使在玻璃上也能应付自如
350.0,428.0,351.6,434.4,206.0,437.6,208.4,431.2,###
345.2,417.6,345.2,424.0,208.4,428.8,209.2,420.8,Leave-inLogitech‘Unifyingreceiver
367.6,404.8,368.4,412.0,209.2,416.8,208.4,409.6,Trckswirtuallyanywhere-evenonglass‘
121.2,223.2,121.2,276.8,740.4,276.8,740.4,223.2,新城电子Q314101946
