274.13,31.5,274.13,1.5,713.63,1.5,713.63,31.5,BANANA
274.88,73.5,274.88,51.0,576.38,51.0,576.38,73.5,TeethingToothbrushfor
586.88,82.5,586.88,54.75,733.88,54.75,733.88,82.5,INFANTS
263.63,156.0,263.63,107.25,389.63,107.25,389.63,156.0,SOFT
609.38,159.75,609.38,112.5,736.13,112.5,736.13,159.75,SAFE
647.63,597.75,647.63,585.0,722.63,585.0,722.63,597.75,###
659.63,647.25,659.63,621.0,703.13,621.0,703.13,647.25,IT'S
628.88,733.5,628.88,720.75,723.38,723.0,725.63,733.5,###
691.13,742.5,691.13,736.5,724.88,736.5,724.88,742.5,###
617.63,677.25,617.63,651.75,741.38,651.75,741.38,677.25,BENDABLE!
14.63,265.5,14.63,231.0,235.13,231.0,235.13,265.5,美国原装正品
10.13,382.5,10.13,332.25,243.38,332.25,243.38,382.5,实物拍摄
291.88,588.75,288.13,598.75,331.88,587.5,331.88,575.0,###
249.38,558.75,275.63,593.75,285.63,595.0,261.88,557.5,###
266.88,501.25,268.13,512.5,309.38,505.0,308.13,493.75,###
313.13,501.25,339.38,536.25,348.13,530.0,320.63,498.75,###
255.63,513.75,249.38,553.75,256.88,553.75,269.38,516.25,###
336.88,541.25,330.63,572.5,343.13,575.0,350.63,537.5,###
