271.71,91.43,273.43,96.57,293.67,91.33,292.29,84.57,###
244.29,166.86,246.57,174.29,304.29,153.14,302.57,144.0,MONTAGUT
308.29,146.29,308.29,150.29,342.0,136.57,339.71,132.57,###
350.57,124.57,356.29,136.0,362.57,133.71,356.86,120.0,###
695.14,57.71,695.14,120.0,764.29,120.0,764.29,57.71,检
684.86,21.71,684.86,42.86,774.57,42.86,774.57,21.71,质检保障
471.71,474.86,472.29,480.0,506.57,472.57,506.0,466.86,###
561.43,602.86,563.71,611.43,624.86,584.57,623.71,574.86,MONTAGUT
575.14,616.57,578.57,622.29,627.71,599.43,624.86,592.57,lnternaylonal
418.57,712.0,418.57,742.29,487.14,742.29,487.14,712.0,专柜
419.14,750.29,419.14,774.86,486.57,774.86,486.57,750.29,正品
526.0,756.0,526.0,777.14,667.71,777.14,667.71,756.0,100%实物拍摄
683.14,756.0,683.14,775.43,774.57,775.43,774.57,756.0,品质保证
526.57,705.71,526.57,741.14,770.0,741.14,770.0,705.71,卓越非凡品牌服饰
