162.81,1176.52,162.81,1191.26,194.97,1191.26,194.97,1176.52,柔软
201.67,1175.18,201.67,1191.26,235.17,1191.26,235.17,1175.18,透气
239.19,1175.18,239.19,1192.6,288.77,1192.6,288.77,1175.18,有质感
298.15,1177.86,298.15,1192.6,343.71,1192.6,343.71,1177.86,上档次
158.79,1132.3,158.79,1164.46,261.97,1164.46,261.97,1132.3,用好料，
280.73,1132.3,280.73,1163.12,469.67,1163.12,469.67,1132.3,才是真的舒服
626.45,1094.78,626.45,1145.7,783.23,1145.7,783.23,1094.78,普曼达
554.09,1033.14,552.95,1082.45,873.01,1088.08,873.01,1033.14,PMADNN
848.89,852.24,848.89,873.68,887.75,873.68,887.75,852.24,亲肤
848.89,747.72,848.89,767.82,890.43,767.82,890.43,747.72,健康
848.89,639.18,848.89,660.62,887.75,660.62,887.75,639.18,舒适
842.19,529.3,842.19,548.06,898.47,548.06,898.47,529.3,莫代尔
125.29,463.64,125.29,513.22,286.09,513.22,286.09,463.64,普曼达
52.93,399.32,52.93,451.58,371.85,451.58,371.85,399.32,PMADNN
860.95,486.42,860.95,495.8,886.41,495.8,886.41,486.42,###
128.39,65.66,128.97,114.44,453.52,113.5,454.34,65.66,兰精莫代尔面料
480.14,66.83,480.14,113.73,808.44,113.73,808.44,66.83,亲肤的温柔诱惑
358.2,139.53,358.2,158.29,582.64,156.57,583.32,139.53,如女性的抚摸男性很享受的状态
384.97,372.07,387.32,393.96,408.42,394.74,408.42,372.07,?
211.39,170.85,211.39,176.88,250.25,176.88,250.25,170.85,Lenzing
254.94,170.85,254.94,176.88,284.42,176.88,284.42,170.85,modal
289.11,169.51,289.11,176.21,328.64,176.21,328.64,169.51,fabrics
335.34,170.85,335.34,176.21,362.81,176.21,362.81,170.85,colose
368.17,170.85,368.17,176.21,391.62,176.21,390.95,170.85,skin
396.31,169.51,396.31,176.88,431.15,176.88,431.15,169.51,tender
435.84,170.18,437.18,176.21,492.79,176.88,492.79,170.18,temptation
497.48,170.18,497.48,176.88,522.26,176.21,520.25,170.18,With
526.96,170.18,526.96,176.21,549.07,176.21,549.07,170.18,good
553.75,170.18,553.75,176.21,602.0,176.21,602.0,170.18,material.
611.38,165.49,611.38,176.88,622.76,176.88,622.76,165.49,is
627.46,169.51,627.46,175.54,662.3,175.54,662.3,169.51,reslly
666.99,170.18,666.99,176.21,728.63,176.21,728.63,170.18,comfortable
