38.65,89.77,43.57,121.16,182.03,68.23,178.95,39.31,PALMER'S
387.09,147.25,382.29,171.79,552.49,172.37,552.49,147.14,palmer's
571.09,127.52,565.41,174.22,714.34,174.22,714.34,128.68,帕玛氏
389.41,220.99,389.41,264.06,786.95,264.06,786.95,220.99,产后淡化祛除妊娠纹
413.41,317.12,413.41,394.66,767.88,394.66,767.88,317.12,可可脂乳液
530.95,468.03,530.95,500.03,675.57,500.03,675.57,468.03,滋养嫩白
567.26,522.8,567.26,557.87,713.11,557.87,713.11,522.8,提拉紧致
598.03,577.57,598.03,611.41,745.11,611.41,745.11,577.57,淡化细纹
186.95,672.95,186.95,696.95,304.49,696.95,304.49,672.95,PALMER'S
200.43,650.54,200.43,662.81,298.03,662.81,298.03,650.54,315ml/10.6fl.oz.（U.S.）e
210.03,634.01,210.03,641.48,295.36,641.48,295.36,634.01,DERMATOLOGISTTESTED
198.83,608.41,199.36,619.61,272.96,620.14,272.96,610.54,FIRMS&TONES
203.09,580.68,203.09,592.41,300.16,592.41,300.16,580.68,TIGHTENSSKIN
215.89,434.42,215.89,443.49,292.69,443.49,292.69,434.42,Elastin&VitaminE
199.89,423.76,199.89,431.76,307.09,431.76,307.09,423.76,withSheaButter.Collagen.
206.29,392.82,206.29,413.09,302.29,413.09,302.29,392.82,BUTTER
199.89,369.36,199.89,389.62,308.16,389.62,308.16,369.36,FIRMING
217.49,344.23,217.49,356.5,285.23,356.5,285.23,344.23,FORMULA
199.89,329.3,199.89,342.1,301.76,342.1,301.76,329.3,COCOARUTTER
217.49,312.65,218.03,325.45,279.36,313.18,278.83,303.05,PALMER'S
203.63,467.43,208.96,481.83,235.63,476.5,232.43,462.63,Q10
208.96,457.83,210.03,464.23,226.56,462.1,224.96,454.63,pius
442.03,156.32,442.03,156.85,442.03,156.85,442.03,156.32,###
277.26,613.8,282.21,628.65,286.4,625.22,280.69,613.03,###
286.78,624.08,284.49,628.65,298.97,629.03,301.26,624.08,###
286.02,608.46,284.11,612.65,298.59,620.27,300.11,616.08,FREE
286.4,600.46,286.02,604.27,296.3,604.27,296.3,599.7,###
296.3,603.13,301.64,613.03,306.21,611.51,299.73,600.46,###
283.35,308.74,283.35,303.4,279.16,303.4,279.16,308.74,###
303.92,353.69,303.92,357.5,309.26,357.5,309.26,353.69,###
305.82,674.18,305.82,686.55,318.18,686.55,318.18,674.18,?
