166.55,25.34,166.55,57.24,26.74,57.24,26.74,25.34,全国包邮
26.74,68.5,26.74,93.83,170.31,93.83,170.31,68.5,活动进行中
98.06,102.28,98.06,126.67,104.62,126.67,104.62,102.28,！
114.95,132.31,114.95,172.65,126.21,172.65,126.21,132.31,立豪
129.02,129.49,129.02,136.06,138.4,136.06,138.4,129.49,?
54.89,134.18,54.89,179.22,110.25,179.22,110.25,134.18,LH
375.8,160.46,365.48,202.68,235.99,211.13,251.0,162.33,敲敲乐
447.12,132.31,447.12,145.44,481.83,145.44,481.83,132.31,CCTV
485.59,131.37,485.59,146.38,545.64,146.38,545.64,131.37,央视广告品牌
413.34,184.85,413.34,195.17,445.24,195.17,445.24,184.85,来自立豪
408.64,184.85,408.64,197.99,372.99,197.99,372.99,184.85,极致惬意
449.93,213.94,448.99,243.03,313.87,258.04,312.93,225.2,按摩披肩
447.12,201.74,448.99,213.0,312.0,221.45,311.06,211.13,QIADCIAOLEMASSAGESHAWLS
361.73,318.1,361.73,327.48,259.45,339.68,260.39,328.42,###
373.93,327.48,375.8,338.74,260.39,354.69,259.45,343.43,###
387.06,341.55,388.0,350.94,260.39,368.76,260.39,358.44,###
347.65,361.26,348.59,369.7,261.33,383.78,259.45,371.58,可进行燃烧脂肪局部减肥
440.55,348.12,440.55,405.36,446.18,405.36,446.18,348.12,###
430.23,379.09,430.23,411.93,444.3,411.93,444.3,379.09,###
541.89,393.16,543.76,407.24,494.97,419.44,496.85,402.55,RMB588?
489.34,408.18,490.28,422.25,440.55,430.69,439.61,417.56,建议零售价：
413.34,418.5,413.34,425.06,402.08,427.88,403.01,422.25,###
377.68,426.0,379.56,431.63,365.48,434.45,364.54,428.82,###
340.15,433.51,340.15,441.02,328.89,441.02,328.89,433.51,###
301.67,441.95,301.67,449.46,289.48,449.46,289.48,441.95,###
263.2,449.46,263.2,456.97,243.5,456.97,243.5,449.46,###
561.59,454.15,561.59,496.38,234.11,496.38,234.11,454.15,聪明女人魅力舞线
256.63,16.89,256.63,86.33,488.4,86.33,488.4,16.89,买就赠！
