771.33,658.67,771.33,668.0,384.67,668.0,384.67,658.67,###
772.67,669.33,772.67,678.67,382.0,678.67,382.0,669.33,###
774.0,682.67,774.0,689.33,378.0,689.33,378.0,682.67,###
771.33,692.0,771.33,701.33,446.0,701.33,446.0,692.0,###
578.0,708.0,578.0,776.0,370.0,776.0,370.0,708.0,多场景
163.33,260.0,163.33,280.0,60.67,280.0,60.67,260.0,Lifeformse
240.67,177.33,240.67,197.33,314.0,197.33,314.0,177.33,HOPE
586.0,73.33,586.0,101.33,780.67,101.33,780.67,73.33,智能背景音乐套餐
628.67,18.67,628.67,65.33,779.33,65.33,779.33,18.67,多功能
31.33,34.67,31.33,73.33,279.33,73.33,279.33,34.67,SABO
282.0,18.67,282.0,48.0,310.0,48.0,310.0,18.67,?
64.67,76.0,64.67,88.0,247.33,88.0,247.33,76.0,您的一站式影音DIY超市
771.33,726.67,771.33,773.33,580.67,773.33,580.67,726.67,可供选择
57.5,224.0,57.5,239.0,107.5,239.0,107.5,224.0,000
