43.28,60.13,43.28,131.2,466.03,132.11,467.86,60.13,上海塑赢塑胶
97.94,210.47,97.94,251.47,332.1,251.47,332.1,210.47,AS台湾奇美
593.59,154.89,593.59,165.82,645.52,165.82,645.52,154.89,###
415.92,172.2,415.92,187.69,487.9,187.69,487.9,172.2,N-117C
574.46,177.67,574.46,189.51,645.52,189.51,645.52,177.67,3564331
419.57,208.64,417.74,227.78,464.21,222.31,463.3,205.0,GRADE
565.34,205.91,565.34,225.04,624.57,225.04,624.57,205.91,LOTNO.
415.92,249.64,415.92,309.78,700.19,309.78,700.19,249.64,CHIMEI
449.63,336.2,449.63,392.69,663.74,392.69,663.74,336.2,AS樹脂
462.39,424.58,462.39,439.16,476.97,439.16,476.97,424.58,A
487.9,424.58,487.9,439.16,499.74,439.16,499.74,424.58,S
548.03,424.58,548.03,439.16,559.88,439.16,559.88,424.58,R
573.54,423.67,573.54,439.16,584.48,439.16,584.48,423.67,E
597.23,424.58,597.23,438.24,609.08,438.24,609.08,424.58,S
620.92,423.67,620.92,439.16,627.3,439.16,627.3,423.67,I
640.06,424.58,640.06,440.07,653.72,440.07,653.72,424.58,N
665.57,149.42,665.57,178.58,764.88,178.58,764.88,149.42,品质保证
676.5,184.04,676.5,221.4,753.94,221.4,753.94,184.04,100%
473.32,448.27,473.32,476.51,648.26,476.51,648.26,448.27,KIBISAN
491.54,515.69,491.54,538.47,621.83,538.47,621.83,515.69,NET25KGS
430.5,551.22,430.5,577.64,683.79,577.64,683.79,551.22,奇美實業股份有限公司
464.21,579.47,464.21,595.87,651.9,595.87,651.9,579.47,CHIMEICORPORATION
490.63,602.24,490.63,614.09,622.74,614.09,622.74,602.24,TEL:+886-6-2663000
489.72,614.09,489.72,626.84,621.83,626.84,621.83,614.09,FAX:+886-6-2665555
490.63,628.67,490.63,638.69,620.01,638.69,620.01,628.67,www.chlmelcorp.com
518.88,642.33,518.88,652.36,592.68,652.36,592.68,642.33,###
393.14,648.71,393.14,657.82,431.41,657.82,431.41,648.71,###
394.97,665.11,394.97,656.0,432.32,656.0,432.32,665.11,###
138.03,376.29,138.03,416.38,293.83,416.38,293.83,376.29,原厂原包
115.26,471.04,115.26,511.13,314.79,511.13,314.79,471.04,24小时发货
116.17,563.98,116.17,604.07,315.7,604.07,315.7,563.98,15天包退还
55.12,736.18,55.12,779.91,765.79,779.91,765.79,736.18,服务与品质是我们宗旨
481.52,79.27,479.7,120.27,786.74,120.27,784.92,79.27,：13585844981
281.08,82.0,281.08,82.0,280.17,82.0,280.17,82.0,###
