152.39,505.91,152.39,513.41,166.02,513.41,166.02,505.91,SOS
228.07,466.36,228.07,475.23,279.89,475.23,279.89,466.36,V.WO
284.66,411.14,284.66,425.45,299.66,425.45,299.66,411.14,六
208.98,436.36,208.98,450.68,295.57,450.68,295.57,436.36,2014.09.20
201.48,405.0,201.48,428.18,257.39,428.18,257.39,405.0,14:42
519.89,505.91,519.89,625.91,548.52,625.91,548.52,505.91,糖果可爱
574.43,505.91,574.43,634.09,592.16,634.09,592.16,505.91,甜甜的可爱粉，
598.98,506.59,598.98,713.86,617.39,713.86,617.39,506.59,飘荡着粉嫩可爱的气息。
631.02,503.86,631.02,627.27,635.11,627.27,635.11,503.86,###
620.8,507.95,620.8,616.36,626.93,616.36,626.93,507.95,###
479.66,580.23,479.66,692.73,487.16,692.73,487.16,580.23,###
519.89,647.73,519.89,678.41,552.61,678.41,552.61,647.73,粉
78.07,98.18,78.07,111.14,211.7,111.14,211.7,98.18,高端智能穿戴V.WO
171.48,115.23,171.48,124.09,77.39,124.09,77.39,115.23,###
235.57,53.86,235.57,92.73,60.34,92.73,60.34,53.86,产品展示
