23.28,254.17,22.64,260.13,68.05,258.78,68.05,252.68,商品均为实拍
72.12,251.32,72.12,259.79,207.67,252.0,207.67,244.88,###
211.74,244.2,212.75,251.32,265.62,248.95,263.93,242.17,一切以实物为准
38.23,242.85,37.55,249.96,65.68,248.95,65.68,242.51,###
70.42,241.49,70.08,247.25,99.23,247.93,99.23,240.81,###
103.29,239.8,102.28,246.24,129.05,245.56,130.4,238.78,###
134.47,238.78,134.13,245.22,164.97,242.85,165.31,237.09,###
170.39,236.07,171.07,243.53,190.73,242.51,190.73,235.73,###
193.78,235.39,195.13,241.83,258.17,239.46,257.83,232.34,###
67.37,214.04,69.74,227.94,120.92,225.56,118.2,210.65,100%
125.32,207.6,126.34,226.92,208.01,222.51,206.99,205.23,实物拍摄
87.37,178.46,87.7,190.66,187.0,185.58,186.66,172.36,e15g2.52.OZ
24.75,160.17,24.31,170.19,254.81,158.43,254.37,151.45,###
23.88,128.8,23.01,134.46,120.61,132.28,121.48,124.88,###
24.31,105.7,24.31,114.85,150.67,108.75,151.11,100.48,Providingskinnutrients
24.31,91.33,24.31,101.78,55.25,99.6,54.81,89.15,PURE
61.35,88.71,60.48,98.73,101.43,98.73,101.43,86.97,PLANT
106.66,86.1,105.79,97.86,159.38,95.68,160.69,83.48,EXTRACT
27.8,57.34,27.8,81.74,112.76,80.43,113.63,53.85,laskin
66.58,122.0,67.01,151.19,171.15,146.84,169.41,118.08,华天阁
