80.4,70.4,80.4,48.0,199.6,48.0,199.6,70.4,Suitsky
30.0,72.0,30.0,146.4,248.4,146.4,248.4,72.0,舒比奇
186.8,608.0,186.8,579.2,276.4,579.2,276.4,608.0,S20片
179.6,631.2,179.6,616.0,282.8,616.0,282.8,631.2,7kg以下宝宝适用
194.0,646.4,194.0,636.8,270.0,636.8,270.0,646.4,·产品实物以包装袋内为准
583.6,796.0,583.6,751.2,791.6,751.2,791.6,796.0,xp百货商行
534.8,547.2,534.8,527.2,591.6,527.2,591.6,547.2,纸尿裤
509.2,524.8,509.2,497.6,616.4,497.6,616.4,524.8,森态透气
612.4,378.4,612.4,388.0,626.8,388.0,627.6,379.2,?
509.2,382.4,509.2,491.2,621.2,491.2,621.2,382.4,沐
522.8,348.8,522.8,370.4,604.4,370.4,604.4,348.8,初生时代
530.0,262.4,530.0,280.8,596.4,280.8,596.4,262.4,Suitsky
502.0,276.8,502.0,320.8,623.6,320.8,623.6,276.8,舒比奇
602.8,573.6,602.8,584.8,536.4,594.4,535.6,577.6,轻呼吸沐春风
565.2,536.8,565.2,536.8,564.4,536.8,564.4,536.8,###
