80.26,618.45,80.26,671.7,528.01,671.7,528.01,618.45,专柜正品值得信赖
229.51,460.2,229.51,536.7,631.51,536.7,631.51,460.2,爸爸家专卖
541.51,499.2,541.51,508.95,630.01,508.95,630.01,499.2,###
534.01,416.02,534.01,423.52,646.51,423.52,646.51,416.02,###
545.26,402.52,545.26,411.52,630.76,411.52,630.76,402.52,###
556.51,386.02,556.51,397.27,624.01,397.27,624.01,386.02,###
528.76,372.52,528.76,382.27,651.01,382.27,651.01,372.52,###
525.76,350.77,525.76,368.02,575.26,368.02,575.26,350.77,WATER
582.76,332.02,582.76,369.52,651.76,369.52,651.76,332.02,BB
110.26,490.95,110.26,504.45,176.26,504.45,176.26,490.95,###
95.26,463.2,95.26,478.95,189.76,478.95,189.76,463.2,###
117.01,445.95,117.01,460.2,161.26,460.2,161.26,445.95,###
93.01,423.45,93.01,431.7,190.51,431.7,190.51,423.45,###
180.01,421.2,180.01,412.2,101.26,412.2,101.26,421.2,###
345.76,444.45,345.76,457.2,406.51,457.2,406.51,444.45,DANOY
311.26,413.7,309.76,423.45,425.26,423.45,425.26,413.7,AIRCUSHIONBBCREAM
309.01,393.45,309.01,408.45,355.51,408.45,355.51,393.45,WATER
366.01,371.7,365.26,409.2,428.26,409.2,428.26,373.2,BB
84.01,401.7,84.01,410.7,198.01,410.7,198.01,401.7,AIRCUSHIONBBCREAM
82.51,379.95,82.51,396.45,127.51,396.45,127.51,379.95,WATER
134.26,364.2,134.26,398.7,196.51,398.7,196.51,364.2,BB
72.76,164.23,72.76,186.73,314.26,186.73,314.26,164.23,超级划算的气垫BB来啦
