12.08,95.0,12.08,11.67,332.08,11.67,332.08,95.0,新品首发
21.25,730.0,21.25,651.67,492.92,651.67,492.92,730.0,红枣纯酿三件
307.08,440.83,307.08,392.5,437.92,397.5,437.92,440.83,红枣醋
405.42,491.67,405.42,431.67,462.92,431.67,462.92,491.67,家
421.25,362.5,421.25,401.67,453.75,401.67,453.75,362.5,农
455.42,424.17,455.42,399.17,472.08,399.17,472.08,424.17,11月
486.25,437.5,498.75,415.83,482.92,404.17,469.58,427.5,耕
501.25,381.67,488.75,396.67,504.58,412.5,518.75,393.33,农
518.75,372.5,524.58,393.33,540.42,390.83,537.08,367.5,哥
552.92,361.67,552.92,374.17,595.42,388.33,602.92,377.5,我们只是
627.08,405.0,609.58,380.83,597.92,380.83,617.08,413.33,大自然
642.92,451.67,632.92,408.33,622.92,409.17,630.42,454.17,的搬运工
596.25,743.33,542.92,662.5,708.75,560.0,749.58,645.0,包邮
290.42,461.67,292.08,471.67,317.92,482.5,317.92,470.83,222-421
292.92,481.67,291.25,490.83,353.75,511.67,353.75,496.67,0105173969.
354.58,497.5,356.25,510.83,437.92,505.83,438.75,497.5,taobao.com
