69.45,51.64,69.45,16.0,192.36,16.0,192.36,51.64,全球购
71.64,67.64,71.64,53.82,191.64,53.82,191.64,67.64,GTAOBAO.COM
401.82,55.27,401.82,9.45,792.36,9.45,792.36,55.27,热情小猪泰国代购
508.0,108.36,508.0,67.64,793.82,67.64,793.82,108.36,601256660
286.18,540.36,286.91,515.64,512.36,509.09,513.09,532.36,热情小猪泰国代购
303.64,578.18,305.09,562.91,504.36,558.55,502.18,574.55,淘宝ID：小家伙890707
325.45,601.45,316.0,584.73,483.27,581.09,481.09,594.91,V信：kimizhu0707
18.55,784.0,18.55,731.64,340.73,731.64,340.73,784.0,店主泰国采购
373.45,734.55,373.45,783.27,794.55,783.27,794.55,734.55,一手货源支持直邮
37.45,209.45,38.18,221.82,86.91,216.73,87.64,207.27,###
38.18,232.73,38.18,221.09,70.91,218.91,71.64,228.36,###
46.18,251.64,47.64,260.36,76.73,253.82,75.27,246.55,###
52.73,258.91,56.36,266.91,89.09,257.45,88.36,248.73,###
91.27,198.55,91.27,209.45,112.36,209.45,112.36,198.55,###
76.0,226.18,76.0,218.18,86.91,218.18,86.91,226.18,###
93.45,216.0,93.45,210.91,112.36,210.91,112.36,216.0,###
97.09,250.91,94.91,243.64,109.45,239.27,112.36,245.09,###
18.55,245.82,18.55,254.55,29.45,254.55,29.45,245.82,W
22.18,279.27,22.18,288.0,37.45,288.0,37.45,279.27,###
49.09,293.09,49.09,284.36,94.91,280.0,95.64,285.82,###
154.55,523.64,156.0,516.36,196.73,514.18,196.0,520.73,###
