329.6,340.64,329.6,350.24,350.8,350.24,350.8,340.64,###
15.2,366.64,15.2,384.64,151.6,384.64,151.6,366.64,更多优惠/新款
162.0,366.24,162.0,385.44,266.8,385.44,266.8,366.24,微信扫一扫
75.6,84.02,75.6,92.02,145.2,92.02,145.2,84.02,因拍摄过程中标由于灯光
149.6,84.02,149.6,91.62,208.8,91.62,208.8,84.02,###
210.0,83.62,210.0,91.22,344.4,91.22,344.4,83.62,###
345.6,83.62,345.6,91.22,398.4,91.22,398.4,83.62,颜色以实物为准！
74.8,64.42,74.8,78.82,225.2,78.82,225.2,64.42,实物展示/100%实物拍摄
20.4,64.42,20.4,77.62,47.6,77.62,47.6,64.42,实物
20.0,81.62,20.0,94.42,47.6,94.42,47.6,81.62,展示
6.55,9.91,6.55,37.18,181.46,37.18,181.46,9.91,专柜商场拿货
201.1,2.27,201.1,39.72,226.91,39.72,226.91,2.27,7
221.82,8.45,221.82,36.09,397.82,36.09,397.82,8.45,天无理由退货
300.29,160.57,303.14,166.29,334.0,156.57,327.71,149.14,lee
