60.0,8.89,75.11,26.67,14.67,85.33,-0.44,68.44,正品承诺
161.33,17.78,161.33,87.11,630.67,87.11,630.67,17.78,薄利愿多销
288.44,386.67,286.67,395.56,359.56,400.89,360.44,391.11,###
283.11,480.89,280.44,500.44,340.89,503.11,342.67,485.33,0G10
253.78,464.89,252.89,473.78,327.56,478.22,328.44,469.33,MADEINCHINA
331.11,468.44,331.11,478.22,377.33,479.11,377.33,468.44,###
251.11,451.56,250.22,462.22,379.11,468.44,380.0,456.89,JAPANSERVOCO..LTD
270.67,437.33,270.67,452.44,309.78,452.44,309.78,439.11,DC12V
332.89,440.89,332.89,456.0,360.44,456.0,360.44,443.56,3.1W
233.33,416.89,234.22,429.33,274.22,432.0,275.11,420.44,MODEL
254.67,422.22,254.67,423.11,254.67,423.11,254.67,422.22,###
284.0,417.78,284.89,432.89,398.67,438.22,399.56,424.0,MBDC12Z4SX-101
247.56,394.67,245.78,412.44,266.22,413.33,266.22,394.67,DC
270.67,414.22,270.67,395.56,298.22,395.56,299.11,414.22,MB
302.67,397.33,304.44,416.0,367.56,418.67,366.67,400.89,BLOWER
233.33,678.22,233.33,693.33,554.22,693.33,554.22,681.78,http://shop10876871.taobao.com/index.htm
232.44,660.44,232.44,677.33,301.78,677.33,301.78,660.44,钟爱一扇，
311.56,660.44,311.56,676.44,425.33,676.44,425.33,660.44,找到你的那一扇。
20.89,723.56,20.89,786.67,463.56,786.67,463.56,723.56,原装库存清仓特价
508.89,777.78,508.89,731.56,705.33,731.56,705.33,777.78,点击购买
