431.25,34.77,431.25,86.59,743.52,86.59,743.52,34.77,全网销量第一
69.89,141.14,69.89,169.09,228.07,169.09,228.07,141.14,Aveeno
153.07,173.18,156.25,209.17,228.07,211.36,228.07,173.18,Baby
117.61,241.36,117.61,260.45,191.25,260.45,190.42,242.5,PEDIATRICIAN
116.25,287.73,116.25,308.18,192.08,305.83,193.98,287.73,RECOMMENDED
82.16,362.05,82.16,377.05,233.52,377.05,233.52,362.05,DailMoistureLotion
101.93,387.27,101.93,396.82,210.34,396.82,210.34,387.27,DmethiconeSkinProtectanc
99.2,405.68,99.2,415.91,214.43,415.91,214.43,405.68,withNoturalColloidalOatmecl
105.34,435.68,105.34,445.91,208.98,445.91,208.98,435.68,ProtectsDelicateSkin
99.89,456.82,99.89,467.73,215.11,467.73,215.11,456.82,Moiscurizesfor24Hours
115.57,525.0,115.57,538.64,197.39,538.64,197.39,525.0,NETWT.80Z(227g)
291.48,175.91,291.48,216.82,543.75,216.82,543.75,175.91,美国Aveeno
570.34,175.91,570.34,217.5,749.66,217.5,749.66,175.91,Baby燕麦
292.84,242.05,292.84,315.68,749.66,315.68,749.66,242.05,婴儿润肤乳霜
87.92,705.83,87.92,706.67,87.92,706.67,87.92,705.83,###
33.75,689.17,33.75,748.33,194.58,748.33,194.58,689.17,?55
116.25,348.33,116.25,359.17,195.42,359.17,195.42,348.33,FRAGRANCEFREE
243.75,680.83,243.75,749.17,697.92,749.17,697.92,680.83,·全国包邮
