553.2,556.8,553.2,586.4,693.2,585.6,695.6,558.4,JO-33001
530.8,510.4,530.8,543.2,703.6,543.2,703.6,510.4,机油滤清器
488.4,440.8,488.4,480.0,514.8,480.0,514.8,440.8,L
529.2,441.6,529.2,480.0,715.6,480.0,715.6,441.6,FILTER
482.8,393.6,482.8,404.8,650.8,404.8,650.8,393.6,FILTERELEMENT
482.0,356.8,482.0,389.6,654.0,389.6,654.0,356.8,ARROW
590.8,269.6,590.8,278.4,599.6,278.4,599.6,269.6,R
429.2,427.2,427.6,454.4,481.2,454.4,481.2,427.2,正品
428.4,456.8,428.4,482.4,482.8,482.4,482.8,456.8,行货
174.0,512.8,173.2,524.8,323.6,524.8,322.8,512.8,###
174.0,496.8,174.0,510.4,322.8,510.4,323.6,496.0,###
203.6,480.8,203.6,493.6,295.6,493.6,295.6,480.8,###
195.6,468.0,195.6,479.2,302.0,479.2,302.0,468.0,DEMNO：26300-ZY500
220.4,448.0,220.4,462.4,279.6,462.4,279.6,448.0,JO-33001
214.0,437.6,214.0,442.4,286.8,442.4,286.8,437.6,###
215.6,419.2,215.6,434.4,286.0,434.4,286.0,419.2,###
74.8,508.8,74.8,517.6,96.4,517.6,96.4,508.8,###
77.2,494.4,76.4,504.0,102.0,500.0,105.2,492.8,###
79.6,480.8,79.6,487.2,95.6,487.2,95.6,480.8,###
77.2,454.4,78.0,461.6,100.4,458.4,102.0,449.6,###
39.6,635.2,10.8,678.4,164.4,790.4,186.0,747.2,官方授权
32.4,710.4,2.8,743.2,75.6,797.6,98.0,758.4,正品
65.2,137.6,65.2,194.4,177.2,194.4,177.2,137.6,包邮
80.4,77.6,80.4,132.0,178.8,132.0,178.8,77.6,2件
