107.34,98.44,91.41,65.63,167.34,38.44,179.53,75.0,原盒
246.09,104.06,258.28,69.38,185.16,37.5,176.72,75.0,特快
100.78,181.88,100.78,115.31,259.22,115.31,259.22,181.88,100%
127.97,235.31,127.97,194.06,221.72,194.06,221.72,235.31,正品
91.41,306.56,91.41,265.31,252.66,265.31,252.66,306.56,皇冠信誉
76.41,391.88,76.41,349.69,171.09,349.69,171.09,391.88,Mall
177.66,373.13,177.66,351.56,269.53,351.56,269.53,373.13,粤港商城
176.72,391.88,176.72,374.06,272.34,374.06,272.34,391.88,yegan
473.91,439.69,467.34,428.44,494.53,405.94,497.34,417.19,###
512.34,501.56,499.22,483.75,546.09,436.88,559.22,453.75,###
