595.69,150.52,595.69,132.06,672.37,132.06,672.37,150.52,###
1000.39,197.38,1000.39,106.5,1166.53,106.5,1166.53,197.38,2件
979.09,295.36,979.09,207.32,1162.27,207.32,1162.27,295.36,包邮
516.17,482.8,516.17,431.68,733.43,431.68,733.43,482.8,WANT
463.63,687.28,463.63,606.34,496.29,606.34,496.29,687.28,T
736.27,675.92,736.27,603.5,771.77,603.5,771.77,675.92,Y
533.21,636.16,533.21,573.68,699.35,573.68,699.35,636.16,ENJOY
524.69,712.84,524.69,648.94,713.55,648.94,713.55,712.84,TODAY
534.63,820.76,534.63,779.58,706.45,781.0,705.03,819.34,###
161.17,1097.66,161.17,1050.8,215.13,1050.8,215.13,1097.66,Ma
244.95,1094.82,244.95,1046.54,392.63,1046.54,392.63,1094.82,sha's
426.71,1103.34,426.71,1040.86,1101.21,1040.86,1101.21,1103.34,玛莎杰茜莱专柜正品代购
