428.89,367.11,426.22,387.56,517.78,378.67,521.33,360.89,canon
44.0,217.78,44.0,246.22,199.56,246.22,199.56,217.78,eosycocef
40.44,152.0,40.44,167.11,152.44,167.11,152.44,152.0,360度全方位保护套
157.78,152.89,157.78,164.44,184.44,164.44,184.44,152.89,天猫
210.22,152.0,210.22,166.22,333.78,166.22,333.78,152.0,硅胶保护套贴合度好，
342.67,152.0,342.67,167.11,410.22,167.11,410.22,152.0,超强柔软韧性
419.11,150.22,419.11,167.11,474.22,167.11,474.22,150.22,减震保护，
39.56,176.0,39.56,191.11,84.89,191.11,84.89,176.0,将冲击丶
89.33,176.89,89.33,190.22,198.67,190.22,198.67,176.89,跌落损伤将至最低，
206.67,176.0,206.67,192.0,314.22,192.0,314.22,176.0,更好保护机身本身。
236.0,77.33,236.0,143.11,553.33,143.11,553.33,77.33,相机保护套
31.56,90.67,31.56,139.56,220.0,139.56,220.0,90.67,荷兰魔盾
559.56,416.89,567.56,449.78,580.89,442.67,580.89,413.33,###
720.44,368.89,720.44,376.0,739.11,376.0,739.11,368.89,###
718.67,263.11,716.89,268.44,738.22,271.11,736.44,264.89,###
712.44,153.78,711.56,160.89,727.14,164.0,731.11,158.22,###
702.0,57.71,703.14,64.0,722.0,66.29,722.57,61.71,###
