525.23,20.31,525.23,57.85,752.31,57.85,752.31,20.31,美甲万能粘土
575.08,70.15,575.08,92.92,722.15,92.92,722.15,70.15,粘甲片/粘色片
320.31,72.0,319.08,82.46,388.62,97.85,391.08,86.77,TESTED
309.85,59.08,323.38,60.92,330.15,37.54,320.31,33.85,DER
322.77,29.54,331.38,38.77,353.54,29.54,351.69,16.62,MAT
353.54,16.62,355.38,28.31,382.46,33.23,387.38,25.85,OLO
383.08,35.69,395.38,50.46,408.31,44.31,391.08,27.08,GIC
397.85,50.46,397.85,80.62,410.77,80.62,410.77,50.46,ALLY
-0.31,70.15,-0.31,104.62,367.69,178.46,383.08,153.85,FABER-CASTELT
149.23,144.62,144.31,153.23,181.23,158.77,183.69,150.15,since
191.08,147.69,185.54,160.0,215.69,168.0,221.23,153.23,1761
31.69,185.23,29.23,192.62,102.46,209.23,103.69,198.15,Reusable
111.08,196.31,106.77,210.46,122.77,212.31,124.62,199.38,&
130.77,204.92,130.15,214.15,220.0,232.0,220.0,222.77,Removable
226.15,226.46,223.69,235.69,300.0,249.85,300.0,239.38,Adhesive
50.15,208.62,48.31,217.85,72.92,222.77,76.0,214.77,For
82.77,216.62,80.31,225.85,132.0,235.08,132.62,225.23,Home
143.69,224.62,140.0,236.92,189.85,247.38,191.08,236.92,Office
199.69,236.92,194.77,248.62,211.38,251.69,212.62,237.54,&
218.77,244.31,215.69,253.54,271.08,264.0,272.31,254.77,School
0.92,312.62,0.92,321.85,37.23,327.38,40.31,321.23,unting
0.92,403.69,-0.31,414.15,11.38,414.15,11.38,403.08,ag
241.54,329.23,243.38,337.23,271.08,307.08,264.92,302.77,###
276.62,502.15,284.0,511.38,310.46,477.54,305.54,473.23,###
428.0,322.46,434.77,324.92,464.92,292.92,456.31,288.62,###
556.0,264.62,563.38,270.77,590.46,235.69,581.85,232.62,###
407.69,445.54,417.54,453.54,444.62,419.08,434.77,414.77,###
8.92,704.62,8.92,748.92,116.0,748.92,116.0,704.62,最后
8.31,753.23,8.31,799.38,115.38,799.38,115.38,753.23,一天
192.31,721.23,192.31,795.08,263.69,795.08,263.69,721.23,满
274.15,686.77,274.15,794.46,422.46,794.46,422.46,686.77,9.9
423.69,734.77,423.69,790.77,485.85,790.77,485.85,734.77,元
489.54,720.0,489.54,794.46,796.0,794.46,796.0,720.0,全国包邮
243.38,258.46,243.38,257.85,244.0,257.85,244.0,258.46,###
100.0,226.46,100.0,225.85,100.62,225.85,100.62,226.46,###
77.23,152.0,75.38,182.15,264.92,217.85,275.38,192.0,TACK-IT
