394.2,1042.8,394.2,1161.6,1181.4,1161.6,1181.4,1042.8,海尔售后专用
69.0,892.8,16.2,960.0,297.0,1184.4,359.4,1118.4,官方授权
30.6,1028.4,0.6,1108.8,137.4,1195.2,185.4,1125.6,正品
557.4,784.8,557.4,814.8,685.8,814.8,685.8,784.8,###
556.2,781.2,556.2,886.8,627.0,886.8,627.0,781.2,K
234.6,835.2,231.0,860.4,438.6,860.4,435.0,835.2,###
283.8,802.8,286.2,907.2,360.6,909.6,360.6,799.2,J
856.2,777.6,856.2,799.2,1015.8,799.2,1015.8,777.6,###
856.2,802.8,856.2,823.2,1066.2,823.2,1066.2,802.8,###
957.0,888.0,957.0,777.6,881.4,777.6,881.4,888.0,L
982.2,518.4,982.2,619.2,1011.0,619.2,1011.0,518.4,I
939.0,538.8,939.0,559.2,1066.2,559.2,1066.2,538.8,###
681.0,547.2,681.0,567.6,807.0,567.6,807.0,547.2,###
729.0,504.0,729.0,577.2,796.2,577.2,796.2,504.0,H
688.2,477.6,688.2,502.8,817.8,502.8,817.8,477.6,乳距6.3厘米
451.8,498.0,451.8,568.8,517.8,568.8,517.8,498.0,G
415.8,489.6,415.8,516.0,543.0,516.0,543.0,489.6,###
3.0,727.2,3.0,829.2,88.2,829.2,88.2,727.2,M
233.4,564.0,233.4,634.8,297.0,634.8,297.0,564.0,F
202.2,625.2,202.2,648.0,330.6,648.0,330.6,625.2,乳距5.8厘米
169.8,541.2,169.8,565.2,300.6,565.2,300.6,541.2,###
414.6,571.2,414.6,590.4,543.0,590.4,543.0,571.2,乳距5.8厘米
623.4,660.0,623.4,944.4,935.4,948.0,943.8,660.0,###
940.2,656.4,940.2,945.6,1197.0,945.6,1197.0,656.4,###
1019.4,177.6,1019.4,262.8,1090.2,262.8,1090.2,177.6,E
981.0,283.2,981.0,306.0,1087.8,306.0,1087.8,283.2,###
857.4,154.8,857.4,206.4,936.6,206.4,936.6,154.8,D
612.6,156.0,612.6,210.0,689.4,210.0,689.4,156.0,###
377.4,154.8,377.4,196.8,445.8,196.8,445.8,154.8,###
95.4,181.2,95.4,255.6,163.8,255.6,163.8,181.2,A
102.6,370.8,102.6,391.2,229.8,391.2,229.8,370.8,###
294.6,340.8,294.6,366.0,508.2,366.0,508.2,340.8,###
492.6,406.8,492.6,434.4,529.8,434.4,529.8,406.8,###
556.2,409.2,556.2,440.4,586.2,440.4,586.2,409.2,###
654.6,403.2,654.6,439.2,681.0,439.2,681.0,403.2,0
703.8,404.4,703.8,441.6,731.4,441.6,731.4,404.4,8
816.6,404.4,816.6,440.4,859.8,440.4,859.8,404.4,奥
751.8,399.6,751.8,430.8,791.4,430.8,791.4,399.6,###
886.2,403.2,886.2,442.8,933.0,442.8,933.0,403.2,运
1097.4,404.4,1097.4,441.6,1141.8,441.6,1141.8,404.4,助
1170.6,392.4,1170.6,427.2,1198.2,427.2,1198.2,392.4,###
815.4,459.6,815.4,483.6,1198.2,483.6,1198.2,459.6,###
533.4,459.6,533.4,486.0,694.2,486.0,694.2,459.6,###
270.6,381.6,270.6,435.6,316.2,435.6,316.2,381.6,8
121.8,326.4,121.8,338.4,165.0,318.0,160.2,312.0,###
148.2,366.0,144.6,372.0,180.6,361.2,179.4,349.2,###
138.6,357.6,138.6,362.4,175.8,348.0,178.2,337.2,###
115.8,351.6,121.8,360.0,191.4,331.2,189.0,326.4,###
587.4,319.2,587.4,328.8,631.8,328.8,631.8,319.2,###
791.4,327.6,789.0,337.2,833.4,340.8,831.0,332.4,###
575.4,308.4,575.4,316.8,637.8,316.8,637.8,308.4,###
576.6,297.6,581.4,303.6,622.2,303.6,621.0,296.4,###
591.0,284.4,591.0,292.8,621.0,292.8,621.0,284.4,###
779.4,318.0,779.4,327.6,832.2,327.6,832.2,318.0,###
779.4,309.6,779.4,319.2,846.6,319.2,846.6,309.6,###
793.8,300.0,793.8,309.6,832.2,309.6,832.2,300.0,###
984.6,382.8,988.2,393.6,1026.6,406.8,1031.4,397.2,###
802.2,290.4,801.0,298.8,831.0,298.8,832.2,291.6,###
784.2,280.8,784.2,294.0,796.2,294.0,796.2,280.8,###
823.8,271.2,823.8,284.4,833.4,284.4,833.4,271.2,###
837.0,280.8,837.0,296.4,846.6,296.4,846.6,280.8,###
802.2,271.2,802.2,283.2,811.8,283.2,811.8,271.2,###
490.2,225.6,490.2,253.2,702.6,253.2,702.6,225.6,###
748.2,225.6,748.2,253.2,887.4,253.2,887.4,225.6,###
994.2,337.2,997.8,350.4,1027.8,340.8,1036.2,331.2,###
1039.8,337.2,1054.2,372.0,1069.8,372.0,1051.8,337.2,###
1009.8,346.8,1009.8,357.6,1048.2,372.0,1053.0,361.2,###
982.2,366.0,983.4,374.4,1045.8,398.4,1056.6,392.4,###
997.8,360.0,1000.2,367.2,1051.8,385.2,1065.0,378.0,###
622.2,273.6,622.2,288.0,634.2,288.0,634.2,273.6,###
607.8,264.0,607.8,277.2,618.6,277.2,618.6,264.0,###
588.6,266.4,588.6,277.2,601.8,277.2,601.8,266.4,###
576.6,282.0,576.6,290.4,586.2,290.4,586.2,282.0,###
355.8,288.0,357.0,298.8,401.4,288.0,399.0,278.4,###
340.2,276.0,343.8,282.0,407.4,272.4,412.2,262.8,###
343.8,266.4,343.8,272.4,402.6,265.2,405.0,255.6,###
339.0,248.4,339.0,259.2,351.0,259.2,351.0,248.4,###
349.8,235.2,349.8,247.2,363.0,247.2,363.0,235.2,###
371.4,230.4,371.4,242.4,381.0,242.4,381.0,230.4,###
387.0,237.6,387.0,247.2,397.8,247.2,397.8,237.6,###
115.8,306.0,102.6,339.6,117.0,339.6,127.8,308.4,###
130.2,297.6,130.2,308.4,178.2,310.8,178.2,303.6,###
23.4,4.8,23.4,126.0,150.6,126.0,150.6,4.8,授
235.8,24.0,235.8,121.2,669.0,121.2,669.0,24.0,品牌授权
706.2,24.0,706.2,122.4,1150.2,122.4,1150.2,24.0,正品保障
985.8,832.8,975.0,912.0,983.4,915.6,995.4,832.8,###
999.0,870.0,999.0,916.8,1005.0,916.8,1005.0,870.0,###
907.8,552.0,925.8,632.4,941.4,627.6,921.0,546.0,###
1.8,392.4,1.8,453.6,121.8,453.6,121.8,392.4,###
1.8,458.4,1.8,500.4,729.0,500.4,729.0,458.4,###
98.25,682.5,66.75,708.0,98.25,718.5,122.25,694.5,###
