340.69,1014.25,340.69,1027.51,368.43,1027.51,368.43,1014.25,ioy
502.3,1031.13,493.86,1039.57,517.98,1058.87,526.42,1050.43,C027
470.94,903.29,470.94,923.8,507.12,923.8,508.33,902.09,HF
511.95,863.5,511.95,870.73,467.32,870.73,467.32,863.5,###
476.97,852.64,476.97,859.88,502.3,859.88,502.3,852.64,###
607.22,961.18,565.01,988.92,648.23,1080.58,688.02,1057.66,2563.
580.69,662.09,580.69,683.8,1029.32,683.8,1029.32,662.09,http://nbpart.taobao.com
241.8,582.5,241.8,647.62,985.9,647.62,985.9,582.5,HELLOKEYBOARD
179.09,628.33,179.09,637.97,188.74,637.97,188.74,628.33,fn
64.52,577.67,64.52,588.53,82.61,588.53,82.61,577.67,ctrl
175.47,572.85,175.47,586.12,185.12,586.12,185.12,572.85,fn
293.66,576.47,293.66,584.91,309.34,584.91,309.34,576.47,###
721.79,576.47,721.79,584.91,736.26,584.91,736.26,576.47,###
864.1,575.26,864.1,583.7,880.98,583.7,880.98,575.26,###
934.05,504.11,934.05,513.76,955.75,513.76,955.75,504.11,shift
1125.8,504.11,1125.8,513.76,1146.3,513.76,1146.3,504.11,end
1063.09,504.11,1063.09,518.58,1078.77,518.58,1078.77,504.11,↑
1064.3,575.26,1064.3,589.73,1077.56,589.73,1077.56,575.26,↓
1133.04,575.26,1133.04,589.73,1147.51,589.73,1147.51,575.26,→
995.55,574.06,995.55,590.94,1010.02,590.94,1010.02,574.06,←
966.61,500.49,966.61,514.96,975.05,514.96,975.05,500.49,↑
1077.56,482.4,1077.56,490.84,1092.03,490.84,1092.03,482.4,###
1127.01,431.75,1127.01,442.6,1142.68,442.6,1142.68,431.75,pg
1146.3,431.75,1146.3,441.4,1159.57,441.4,1159.57,431.75,dn
966.61,429.34,966.61,440.19,995.55,440.19,995.55,429.34,enter
1076.36,385.92,1076.36,400.39,1089.62,400.39,1089.62,385.92,W
1125.8,360.59,1125.8,371.45,1139.07,371.45,1139.07,360.59,pg
1143.89,360.59,1143.89,370.24,1155.95,370.24,1155.95,360.59,up
1124.6,289.44,1124.6,299.09,1152.33,299.09,1152.33,289.44,home
1120.98,252.05,1120.98,259.29,1145.1,259.29,1145.1,252.05,sysrp
982.29,289.44,982.29,300.29,1045.0,300.29,1045.0,289.44,backspace
1110.12,238.79,1110.12,247.23,1141.48,247.23,1141.48,238.79,delet
1054.65,253.26,1054.65,260.5,1075.15,260.5,1075.15,253.26,###
1048.62,237.58,1048.62,247.23,1077.56,247.23,1077.56,237.58,insart
990.73,253.26,990.73,260.5,1014.85,260.5,1014.85,253.26,break
930.43,252.05,930.43,259.29,954.55,259.29,954.55,252.05,###
855.66,236.38,855.66,247.23,872.54,247.23,872.54,236.38,f12
925.61,235.17,925.61,244.82,953.34,244.82,953.34,235.17,scroil
987.11,235.17,987.11,246.02,1018.47,246.02,1018.47,235.17,pause
794.15,235.17,794.15,244.82,809.83,244.82,809.83,235.17,f11
732.64,233.96,732.64,243.61,748.32,243.61,748.32,233.96,f10
669.93,233.96,669.93,243.61,683.2,243.61,683.2,233.96,f9
597.57,232.76,597.57,244.82,610.84,244.82,610.84,232.76,f8
534.86,233.96,534.86,243.61,546.92,243.61,546.92,233.96,f7
472.15,235.17,472.15,244.82,484.21,244.82,484.21,235.17,f6
338.28,235.17,338.28,243.61,349.14,243.61,349.14,235.17,f4
409.44,233.96,409.44,243.61,420.29,243.61,420.29,233.96,f5
276.78,236.38,276.78,244.82,287.63,244.82,287.63,236.38,f3
284.01,249.64,284.01,255.67,305.72,255.67,305.72,249.64,###
151.35,237.58,151.35,246.02,163.41,246.02,163.41,237.58,f1
212.86,236.38,212.86,246.02,226.13,246.02,226.13,236.38,f2
173.06,249.64,173.06,260.5,180.3,260.5,180.3,249.64,###
71.76,237.58,71.76,247.23,89.85,247.23,89.85,237.58,esc
65.73,359.39,65.73,369.04,86.23,367.83,86.23,359.39,tab
65.73,431.75,65.73,440.19,116.38,440.19,116.38,431.75,capslock
63.31,506.52,63.31,516.17,88.64,516.17,88.64,506.52,shift
221.3,501.7,221.3,520.99,234.57,520.99,234.57,501.7,Z
244.22,531.85,244.22,546.32,256.27,546.32,256.27,531.85,###
291.25,501.7,291.25,518.58,303.31,518.58,303.31,501.7,X
314.16,529.43,314.16,546.32,326.22,546.32,326.22,529.43,###
359.99,502.9,359.99,519.79,378.08,519.79,378.08,502.9,C
386.52,530.64,386.52,545.11,398.58,545.11,398.58,530.64,###
456.47,529.43,456.47,546.32,469.74,546.32,469.74,529.43,###
433.56,501.7,433.56,517.37,446.82,517.37,446.82,501.7,V
503.5,501.7,503.5,519.79,515.56,519.79,515.56,501.7,B
527.63,530.64,527.63,543.91,540.89,543.91,540.89,530.64,###
574.66,500.49,574.66,517.37,593.95,517.37,593.95,500.49,N
598.78,531.85,598.78,543.91,613.25,543.91,613.25,531.85,###
647.02,502.9,647.02,517.37,666.31,517.37,666.31,502.9,M
671.14,534.26,671.14,542.7,684.4,542.7,684.4,534.26,-
680.79,553.55,680.79,563.2,689.23,563.2,689.23,553.55,0
718.17,502.9,718.17,513.76,730.23,513.76,730.23,502.9,<
720.58,536.67,720.58,542.7,729.03,542.7,729.03,536.67,，
792.94,535.46,792.94,542.7,797.77,542.7,797.77,535.46,。
820.68,552.35,820.68,560.79,829.13,560.79,829.13,552.35,。
860.48,530.64,860.48,546.32,873.75,546.32,873.75,530.64,/
889.42,553.55,889.42,563.2,897.87,563.2,897.87,553.55,###
790.53,502.9,790.53,514.96,800.18,514.96,800.18,502.9,>
859.27,502.9,859.27,518.58,868.92,518.58,868.92,502.9,？
971.43,457.07,971.43,466.72,990.73,466.72,990.73,457.07,###
895.45,458.28,895.45,466.72,902.69,466.72,902.69,458.28,'
895.45,428.13,895.45,435.37,905.1,435.37,905.1,428.13,"
821.89,454.66,821.89,469.13,830.33,469.13,830.33,454.66,;
859.27,481.19,859.27,489.64,864.1,489.64,864.1,481.19,###
824.3,431.75,824.3,442.6,830.33,442.6,830.33,431.75,:
785.71,478.78,785.71,489.64,792.94,489.64,792.94,478.78,###
784.5,453.46,784.5,471.55,791.74,471.55,791.74,453.46,###
715.76,478.78,715.76,489.64,724.2,489.64,724.2,478.78,###
753.15,428.13,753.15,446.22,762.79,446.22,762.79,428.13,L
683.2,428.13,683.2,443.81,698.88,443.81,698.88,428.13,K
709.73,451.04,709.73,470.34,720.58,470.34,720.58,451.04,###
640.99,454.66,640.99,471.55,649.43,471.55,649.43,454.66,###
645.81,481.19,645.81,490.84,650.64,490.84,650.64,481.19,###
563.8,459.49,563.8,471.55,578.28,471.55,578.28,459.49,###
492.65,455.87,492.65,471.55,507.12,471.55,507.12,455.87,###
468.53,426.92,468.53,445.01,484.21,445.01,484.21,426.92,G
539.68,428.13,539.68,445.01,555.36,445.01,555.36,428.13,H
610.84,425.72,610.84,445.01,621.69,445.01,621.69,425.72,J
394.96,428.13,394.96,445.01,408.23,445.01,408.23,428.13,F
422.7,457.07,422.7,472.75,438.38,472.75,438.38,457.07,###
351.55,457.07,351.55,472.75,362.4,472.75,362.4,457.07,###
326.22,428.13,326.22,446.22,339.49,446.22,339.49,428.13,D
256.27,428.13,256.27,447.43,265.92,447.43,265.92,428.13,S
280.39,457.07,280.39,473.96,292.45,473.96,292.45,457.07,###
208.03,457.07,208.03,472.75,222.51,472.75,222.51,457.07,###
97.08,500.49,97.08,516.17,107.94,516.17,107.94,500.49,↑
186.33,429.34,186.33,446.22,200.8,446.22,200.8,429.34,A
192.36,387.13,192.36,399.19,205.62,399.19,205.62,387.13,###
236.98,355.77,236.98,373.86,259.89,373.86,259.89,355.77,W
262.31,355.77,262.31,370.24,275.57,370.24,275.57,355.77,###
261.1,383.51,261.1,400.39,275.57,400.39,275.57,383.51,###
308.13,355.77,308.13,372.65,321.4,372.65,321.4,355.77,E
332.25,353.36,332.25,370.24,346.72,370.24,346.72,353.36,###
334.66,383.51,334.66,400.39,346.72,400.39,346.72,383.51,###
380.49,354.56,380.49,372.65,392.55,372.65,392.55,354.56,R
405.82,384.71,405.82,397.98,416.67,397.98,416.67,384.71,###
476.97,384.71,476.97,397.98,487.83,397.98,487.83,384.71,###
522.8,353.36,522.8,371.45,534.86,371.45,534.86,353.36,Y
545.72,384.71,545.72,399.19,560.19,399.19,560.19,384.71,###
592.75,352.15,592.75,370.24,607.22,370.24,607.22,352.15,U
450.44,354.56,450.44,370.24,461.29,370.24,461.29,354.56,T
474.56,354.56,474.56,366.62,487.83,366.62,487.83,354.56,###
405.82,353.36,405.82,367.83,417.88,367.83,417.88,353.36,###
624.11,381.1,624.11,396.77,631.34,396.77,631.34,381.1,###
627.72,406.42,627.72,418.48,633.75,418.48,633.75,406.42,4
663.9,354.56,663.9,371.45,672.35,371.45,672.35,354.56,I
694.05,379.89,694.05,397.98,702.5,397.98,702.5,379.89,###
696.47,406.42,696.47,417.28,704.91,417.28,704.91,406.42,5
736.26,354.56,736.26,372.65,753.15,372.65,753.15,354.56,0
764.0,355.77,764.0,373.86,773.65,373.86,773.65,355.77,###
766.41,381.1,766.41,397.98,774.86,397.98,774.86,381.1,###
767.62,406.42,767.62,419.69,776.06,419.69,776.06,406.42,6
807.42,355.77,807.42,371.45,817.06,371.45,817.06,355.77,P
835.15,382.3,835.15,399.19,844.8,399.19,844.8,382.3,###
841.18,408.83,841.18,418.48,847.21,418.48,847.21,408.83,###
877.37,354.56,877.37,373.86,885.81,373.86,885.81,354.56,{
880.98,379.89,880.98,399.19,889.42,399.19,889.42,379.89,[
948.52,354.56,948.52,372.65,956.96,372.65,956.96,354.56,}
950.93,381.1,950.93,399.19,959.37,399.19,959.37,381.1,]
1016.05,355.77,1016.05,376.27,1023.29,376.27,1023.29,355.77,|
1016.05,381.1,1016.05,399.19,1026.91,399.19,1026.91,381.1,\
913.54,289.44,913.54,297.88,921.99,297.88,921.99,289.44,+
912.34,317.18,912.34,326.83,921.99,326.83,921.99,317.18,=
843.6,318.38,843.6,324.41,850.83,324.41,850.83,318.38,-
842.39,289.44,842.39,297.88,853.25,297.88,853.25,289.44,_
772.44,284.62,772.44,300.29,780.88,300.29,780.88,284.62,)
772.44,311.15,772.44,326.83,782.09,326.83,782.09,311.15,0
803.8,337.68,803.8,344.92,811.03,344.92,811.03,337.68,###
732.64,335.27,732.64,346.12,741.09,346.12,741.09,335.27,###
700.08,311.15,700.08,324.41,710.94,324.41,710.94,311.15,9
701.29,284.62,701.29,301.5,709.73,301.5,709.73,284.62,(
628.93,284.62,628.93,293.06,638.58,293.06,638.58,284.62,*
627.72,309.94,627.72,325.62,637.37,325.62,637.37,309.94,8
661.49,335.27,661.49,344.92,669.93,344.92,669.93,335.27,###
591.54,332.86,591.54,342.5,597.57,342.5,597.57,332.86,###
560.19,309.94,560.19,325.62,571.04,325.62,571.04,309.94,7
557.77,284.62,557.77,301.5,569.84,301.5,569.84,284.62,&
487.83,284.62,487.83,294.26,496.27,294.26,496.27,284.62,^
486.62,312.35,486.62,324.41,496.27,324.41,495.06,311.15,6
416.67,311.15,416.67,326.83,427.53,326.83,427.53,311.15,5
415.47,284.62,415.47,301.5,427.53,301.5,427.53,284.62,%
345.52,285.82,345.52,302.71,355.17,302.71,355.17,285.82,$
346.72,311.15,346.72,326.83,355.17,326.83,355.17,311.15,4
275.57,311.15,275.57,326.83,286.43,326.83,286.43,311.15,3
280.39,290.65,276.78,301.5,286.43,301.5,286.43,287.03,#
204.42,288.23,204.42,302.71,217.68,302.71,217.68,288.23,@
206.83,311.15,206.83,326.83,217.68,326.83,217.68,311.15,2
134.47,290.65,134.47,303.91,140.5,303.91,140.5,290.65,!
134.47,313.56,134.47,328.03,142.91,328.03,142.91,313.56,1
65.73,317.18,65.73,326.83,72.96,326.83,72.96,317.18,`
64.52,288.23,64.52,297.88,75.38,297.88,75.38,288.23,~
174.27,50.65,174.27,201.4,1155.95,201.4,1155.95,50.65,###
133.26,7.24,189.94,62.71,60.9,188.14,9.04,129.04,热卖
835.15,355.77,835.15,372.65,844.8,372.65,844.8,355.77,###
169.44,358.18,169.44,373.86,186.33,373.86,186.33,358.18,Q
116.38,363.01,116.38,372.65,132.06,372.65,132.06,363.01,###
118.79,387.13,118.79,395.57,134.47,395.57,134.47,387.13,###
