253.75,84.0,253.75,139.0,484.25,139.0,484.25,84.0,可开发票
59.75,156.5,59.75,177.0,143.75,177.0,143.75,156.5,正品保障
71.75,188.5,72.25,243.0,102.25,244.5,129.75,189.0,7
123.75,243.0,123.75,227.0,106.25,227.0,106.25,243.0,天
68.25,247.0,68.25,260.5,134.75,260.5,134.75,247.0,无理由退换
0.75,415.0,0.75,471.0,225.25,471.0,225.25,415.0,大量现货
270.25,416.0,270.25,471.5,496.75,471.5,496.75,416.0,欢迎采购
267.75,229.0,267.75,248.5,429.25,248.5,429.25,229.0,绝对正品加一赔三
276.25,259.5,276.25,271.5,421.25,271.5,421.25,259.5,-ORIGINALPRODUCT-
300.25,281.5,300.25,288.5,325.75,288.5,325.75,281.5,Modet：
396.25,288.0,396.25,279.5,336.75,279.5,336.75,288.0,RAM123881-C
299.25,297.5,299.25,290.0,351.75,290.0,351.75,297.5,220-240VAC
356.75,296.0,356.75,287.5,390.25,287.5,390.25,296.0,50/60Hz
299.75,306.5,299.75,298.0,342.75,298.0,342.75,306.5,0.08/0.09A
352.25,304.0,352.25,296.5,380.25,296.5,380.25,304.0,CLASS
385.25,304.5,385.25,296.0,391.25,296.0,391.25,304.0,B
268.75,331.0,268.75,315.5,342.75,315.5,342.75,331.0,淘宝商城
363.75,335.0,363.75,320.0,424.25,320.0,424.25,335.0,品质保证
267.25,341.0,267.25,333.5,342.25,333.5,342.25,341.0,www.tmall.com
25.25,330.5,30.75,381.0,126.25,360.0,123.25,308.0,火爆
2.75,18.0,2.75,76.5,493.75,76.5,493.75,18.0,承接公司采购订单
77.75,371.0,79.25,403.5,169.75,388.0,170.75,348.0,热卖中
