22.16,23.86,22.16,64.09,108.75,64.09,108.75,23.86,限时
21.48,67.5,21.48,109.09,106.7,109.09,106.7,67.5,包邮
148.3,97.5,148.3,136.36,236.25,136.36,236.25,97.5,NEW
116.93,54.55,116.93,96.82,270.34,96.82,270.34,54.55,WINTER
220.57,405.68,220.57,503.86,610.57,503.86,610.57,405.68,七彩空间
403.3,506.59,403.3,536.59,221.93,536.59,221.93,506.59,100%实物拍摄
603.75,507.95,603.75,535.91,421.02,535.91,421.02,507.95,100%专柜正品
133.98,425.45,133.98,432.95,110.11,437.05,110.8,429.55,###
54.2,424.09,54.2,431.59,64.43,431.59,64.43,424.09,###
65.8,425.45,65.8,430.23,78.75,430.23,78.75,425.45,###
390.34,73.64,390.34,81.14,403.3,81.14,403.3,73.64,###
407.39,74.32,407.39,80.45,421.02,80.45,421.02,74.32,###
