301.44,102.38,301.44,42.88,486.06,42.88,486.06,102.38,纯天然
612.06,438.38,612.06,44.63,669.81,44.63,669.81,438.38,柏树果佛珠
46.81,476.88,46.81,19.25,133.44,19.25,133.44,476.88,###
60.81,682.5,60.81,623.88,307.56,623.88,307.56,682.5,诚信第一
444.94,683.38,459.81,669.38,672.44,627.38,672.44,683.38,###
382.81,680.75,392.44,635.25,604.19,597.63,595.44,637.0,New,Arrival
395.06,615.13,395.06,517.13,498.31,517.13,498.31,615.13,新
503.56,539.88,503.56,497.88,587.56,497.88,587.56,539.88,春夏
666.31,614.25,666.31,523.25,593.69,523.25,593.69,614.25,市
492.19,543.38,492.19,612.5,592.81,612.5,592.81,543.38,品上
