42.22,37.33,42.22,85.33,181.78,85.33,181.78,37.33,和光堂
38.67,98.67,38.67,145.78,372.0,145.78,372.0,98.67,钙铁强化磨牙棒
626.22,55.11,626.22,84.44,718.67,84.44,718.67,55.11,个月以
626.22,89.78,626.22,120.89,717.78,120.89,717.78,89.78,上食用
548.89,51.56,548.89,130.67,604.89,130.67,604.89,51.56,9
531.11,247.11,531.11,260.44,447.56,268.44,447.56,252.44,WAKODO
748.0,231.11,748.0,245.33,725.78,248.0,725.78,233.78,###
722.22,231.11,722.22,261.33,702.67,261.33,702.67,231.11,9
748.0,248.0,748.0,257.78,725.78,259.56,726.67,248.89,###
617.33,269.33,619.11,280.0,584.44,284.44,582.67,274.67,###
601.33,234.67,600.44,242.67,628.0,253.33,630.67,243.56,###
598.67,234.67,599.56,245.33,576.44,257.78,572.89,248.0,###
745.33,297.78,747.11,336.0,450.22,364.44,451.11,321.78,###
731.11,342.22,732.89,353.78,464.44,379.56,464.44,367.11,###
724.89,374.22,724.89,385.78,715.11,385.78,715.11,374.22,###
741.78,385.78,741.78,394.67,700.0,399.11,700.0,390.22,###
736.44,397.33,739.11,406.22,703.56,412.44,704.44,401.78,###
731.11,427.56,731.11,438.22,700.89,441.78,699.11,431.11,###
741.78,441.78,740.89,452.44,700.89,457.78,700.0,445.33,###
732.89,457.78,733.78,471.11,700.0,474.67,700.89,461.33,秘密！！
783.56,713.78,783.56,778.67,519.56,778.67,519.56,713.78,六件包邮
482.22,663.11,482.22,681.78,541.78,675.56,540.89,656.0,1本×8袋
476.0,664.0,476.0,673.78,444.89,679.11,445.78,668.44,###
476.89,673.78,478.67,684.44,446.67,689.78,445.78,679.11,###
616.44,280.89,617.33,291.56,583.56,294.22,583.56,285.33,###
402.22,390.22,402.22,400.0,416.44,407.11,416.44,397.33,###
406.67,247.11,406.67,256.89,422.67,262.22,423.56,254.22,###
409.33,240.89,410.22,246.22,417.33,250.67,418.22,245.33,###
398.67,256.89,397.78,264.0,423.56,277.33,421.78,268.44,###
397.78,265.78,396.89,270.22,423.56,284.44,423.56,279.11,###
397.78,273.78,398.67,281.78,421.78,292.44,421.78,286.22,###
397.78,283.56,399.56,288.89,421.78,301.33,420.0,293.33,###
398.67,289.78,399.56,298.67,423.56,309.33,422.67,300.44,###
398.67,299.56,398.67,306.67,423.56,319.11,423.56,309.33,###
398.67,308.44,398.67,312.89,411.11,320.89,412.0,314.67,###
397.78,313.78,398.67,320.0,411.11,328.89,413.78,320.89,###
398.67,323.56,397.78,329.78,412.89,338.67,413.78,332.44,###
398.67,332.44,398.67,337.78,411.11,344.0,412.89,338.67,###
399.56,341.33,399.56,348.44,412.89,353.78,412.0,346.67,###
398.67,349.33,399.56,356.44,412.89,362.67,412.89,357.33,###
397.78,358.22,397.78,362.67,412.89,370.67,411.11,364.44,###
397.78,364.44,397.78,369.78,410.22,376.0,411.11,370.67,###
398.67,447.11,398.67,456.0,411.11,464.89,411.11,456.0,###
397.78,431.11,397.78,440.0,411.11,447.11,410.22,439.11,###
396.89,414.22,397.78,422.22,410.22,428.44,411.11,422.22,###
401.33,402.67,401.33,409.78,421.78,420.44,422.67,414.22,###
397.78,464.89,398.67,473.78,412.0,483.56,412.89,476.44,###
398.67,484.44,398.67,492.44,412.0,501.33,411.11,493.33,###
397.78,498.67,398.67,510.22,411.11,519.11,412.0,510.22,###
402.22,520.89,402.22,532.44,407.56,532.44,407.56,520.89,###
397.78,534.22,399.56,544.0,411.11,553.78,412.0,545.78,###
398.67,552.89,398.67,560.89,410.22,568.89,412.0,562.67,###
413.78,564.44,414.67,574.22,424.44,581.33,425.33,574.22,###
413.78,546.67,414.67,556.44,423.56,563.56,425.33,556.44,###
413.78,528.0,412.89,536.89,424.44,548.44,425.33,537.78,###
413.78,512.0,414.67,522.67,424.44,529.78,424.44,522.67,###
414.67,495.11,412.89,504.0,423.56,511.11,424.44,504.89,###
414.67,477.33,413.78,485.33,424.44,495.11,427.11,485.33,###
414.67,459.56,414.67,466.67,424.44,474.67,423.56,465.78,###
415.56,441.78,414.67,450.67,424.44,456.89,425.33,448.0,###
412.89,424.0,412.89,432.0,423.56,440.0,424.44,432.89,###
419.11,596.44,419.11,636.44,423.56,636.44,423.56,596.44,###
419.11,640.0,419.11,676.44,423.56,676.44,423.56,640.0,###
316.0,279.11,316.0,316.44,60.0,316.44,60.0,279.11,强化钙铁吸收
476.89,713.78,476.89,721.78,444.89,727.11,445.78,719.11,###
476.0,724.44,476.89,731.56,444.89,736.89,445.78,729.78,###
