513.18,438.18,515.0,451.82,615.91,452.73,618.64,438.18,PECHOIN
745.91,580.91,745.91,602.73,816.82,602.73,816.82,580.91,百雀羚
746.82,610.91,746.82,620.0,821.36,620.0,821.36,610.91,PECHOIN
499.55,505.45,499.55,528.18,590.45,528.18,590.45,505.45,men's
502.27,534.55,502.27,545.45,633.18,545.45,633.18,534.55,Dil-ControlExtoll-
504.09,549.09,501.36,563.64,612.27,563.64,612.27,549.09,atingCleanser
555.0,587.27,554.09,598.18,624.09,600.0,624.09,585.45,告别满面油光
552.27,725.45,552.27,737.27,622.27,737.27,622.27,725.45,NETWT4.90Z
742.27,722.73,742.27,738.18,803.18,738.18,803.18,722.73,men‘s’
741.36,743.64,741.36,752.73,823.18,752.73,823.18,743.64,###
743.18,754.55,743.18,763.64,775.0,763.64,775.0,754.55,###
739.55,766.36,739.55,777.27,825.0,777.27,825.0,766.36,男士控油水润保湿乳
677.73,351.82,677.73,370.0,861.36,370.0,861.36,351.82,男士控油水润保湿乳
683.18,332.73,683.18,344.55,735.91,344.55,735.91,332.73,unrizer
687.73,311.82,687.73,326.36,829.55,326.36,829.55,311.82,il-ControlMois-
683.18,257.27,683.18,297.27,825.0,297.27,825.0,257.27,mes's
677.73,158.18,677.73,201.82,886.82,201.82,886.82,158.18,限量优惠装
464.09,192.73,464.09,223.64,562.27,223.64,562.27,192.73,百雀羚
501.36,245.45,502.27,263.64,588.64,245.45,581.36,229.09,men
12.27,773.64,12.27,810.0,225.91,810.0,225.91,773.64,清爽不紧绷
220.45,607.27,220.45,641.82,394.09,641.82,394.09,607.27,预防暗疮
33.18,424.55,33.18,461.82,207.73,461.82,207.73,424.55,控油保湿
223.18,244.55,223.18,281.82,393.18,281.82,393.18,244.55,清洁肌肤
1.36,924.55,1.36,980.91,998.64,980.91,998.64,924.55,百雀羚男士控油磨砂洁面膏送保湿乳40g
931.36,758.18,931.36,770.0,953.18,768.18,955.0,756.36,###
931.36,744.55,932.27,754.55,969.55,750.91,967.73,740.0,###
933.18,730.91,935.0,740.0,977.73,735.45,977.73,723.64,###
937.73,660.0,937.73,670.91,973.18,667.27,970.45,656.36,###
938.64,645.45,938.64,652.73,963.18,652.73,963.18,645.45,###
932.27,716.36,934.09,726.36,965.91,721.82,965.91,710.91,###
835.0,707.27,835.0,721.82,847.73,721.82,847.73,707.27,乳
669.55,490.0,669.55,510.91,682.27,510.91,682.27,490.0,膏
41.36,12.73,41.36,72.73,610.45,72.73,610.45,12.73,支持专柜验货
657.73,55.45,657.73,87.27,852.27,87.27,852.27,55.45,假一罚十
499.55,587.27,499.55,600.0,546.82,600.0,546.82,587.27,###
504.09,568.18,504.09,584.55,647.73,584.55,647.73,568.18,男士控油磨砂洁面膏
554.09,410.91,557.73,428.18,630.45,415.45,630.45,399.09,men
521.36,368.18,521.36,396.36,607.73,396.36,607.73,368.18,百雀羚
