74.0,94.67,74.0,188.0,488.67,188.0,488.67,94.67,特价+包邮
646.0,40.0,646.0,92.0,756.67,92.0,756.67,40.0,正品
646.0,102.67,646.0,154.67,755.33,154.67,755.33,102.67,包邮
344.67,570.67,344.67,590.67,443.33,590.67,443.33,570.67,第一层刀片
346.0,601.33,346.0,621.33,442.0,621.33,442.0,601.33,第二层刀片
326.0,409.33,318.0,425.33,363.33,437.33,367.33,422.67,CUT
412.67,412.0,418.0,429.33,378.0,438.67,374.0,421.33,AND
424.67,381.33,414.0,409.33,428.67,421.33,442.0,389.33,LIFT
343.33,308.0,342.0,317.33,384.67,332.0,391.33,318.67,CUT
324.67,305.33,339.33,317.33,295.33,328.0,290.0,316.0,AND
276.67,325.33,266.0,357.33,287.33,361.33,298.0,333.33,LIFT
679.33,358.67,679.33,380.0,734.0,380.0,734.0,358.67,HQ64
734.0,333.33,734.0,345.33,643.33,345.33,643.33,333.33,ScperLift&Cutheads
447.33,536.0,448.67,557.33,696.67,588.0,700.67,564.0,Keepacloseshave
570.0,292.0,570.0,324.0,451.33,324.0,451.33,297.33,PHILIPS
680.67,606.67,682.0,596.0,452.67,564.0,450.0,576.0,###
784.67,705.33,784.67,784.0,432.67,784.0,432.67,705.33,质保三年
371.33,781.33,371.33,708.0,23.33,708.0,23.33,781.33,原装正品
755.33,289.33,755.33,300.0,772.67,304.0,772.67,292.0,###
644.67,313.33,644.67,321.33,694.0,321.33,694.0,313.33,###
764.67,553.33,766.0,560.0,746.0,568.0,747.33,561.33,###
749.5,538.0,749.5,549.0,766.5,540.0,764.5,535.0,###
748.5,526.0,750.5,533.0,763.5,530.0,761.5,524.0,###
