16.88,18.75,16.88,66.25,210.63,66.25,210.63,18.75,专柜正品
15.63,102.5,15.63,151.25,211.88,151.25,211.88,102.5,支持验货
621.88,62.5,621.88,73.75,735.63,73.75,735.63,62.5,AMERICAN
621.88,75.0,621.88,88.75,735.63,88.75,735.63,75.0,TOURISTER
679.38,98.75,679.38,106.25,713.13,106.25,713.13,98.75,###
376.88,202.5,376.88,210.0,438.13,210.0,438.13,202.5,###
378.13,215.0,376.88,208.75,434.38,208.75,436.88,217.5,###
283.13,250.0,283.13,276.25,531.88,276.25,531.88,250.0,LUGGAGESTRAP
369.38,362.5,369.38,370.0,446.88,368.75,445.63,360.0,###
371.88,377.5,371.88,368.75,443.13,368.75,443.13,377.5,###
745.63,711.25,745.63,730.0,633.13,730.0,633.13,711.25,Samsonite
634.38,733.75,634.38,747.5,746.88,747.5,746.88,733.75,###
407.63,220.5,407.63,226.5,426.38,226.5,426.38,220.5,###
257.63,409.5,264.38,415.5,278.63,400.5,276.38,394.5,Iden
277.13,391.5,277.13,401.25,300.38,401.25,300.38,393.75,tifica
301.13,393.75,302.63,403.5,314.63,413.25,316.88,405.75,tion
263.63,336.75,268.88,344.25,289.13,335.25,286.88,327.75,prote
290.63,327.0,291.38,336.0,311.63,343.5,313.13,336.0,ction
