220.25,32.5,220.25,55.5,374.25,55.5,374.25,32.5,快捷分類整理。
219.25,80.0,219.25,96.0,384.75,96.0,384.75,80.0,最簡單的材質的和創意
396.75,79.5,396.75,95.0,491.25,95.0,491.25,79.5,為你解決生活
220.75,103.5,220.75,119.0,331.75,119.0,331.75,103.5,中的尷尬小難題
219.75,140.5,219.75,155.0,491.75,155.0,491.75,140.5,將復雜的電源綫清晰快捷整理歸類，再
220.75,158.0,220.75,174.0,459.75,174.0,459.75,158.0,也不會弄錯電源綫和鍵盤綫的源頭
220.25,193.5,220.25,209.5,495.75,209.5,495.75,193.5,出差的時候將筆記本電源綫.鼠標綫完美
219.75,212.0,219.75,227.5,283.75,227.5,283.75,212.0,捆綁整理
220.75,248.0,220.75,264.0,459.25,264.0,459.25,248.0,藍色和紅色適合按顏色作標識分類
222.25,281.0,222.25,304.5,349.25,304.5,349.25,281.0,六支特惠装
