94.58,11.67,94.58,34.17,143.75,34.17,143.75,11.67,聚米
48.75,10.83,48.75,35.0,92.92,35.0,92.92,10.83,###
10.28,467.78,10.28,482.22,22.5,482.22,22.5,467.78,质
25.28,470.0,25.28,483.33,74.17,483.33,74.17,470.0,品质保障
79.17,469.44,79.17,484.44,92.5,484.44,92.5,469.44,鉴
214.17,471.11,214.17,483.89,226.39,483.89,226.39,471.11,7+
229.72,471.11,229.72,482.78,271.39,482.78,271.39,471.11,8天退货
383.06,470.56,383.06,483.89,418.06,483.89,418.06,470.56,运费险
445.28,470.56,445.28,483.89,493.06,483.89,493.06,470.56,公益宝贝
124.17,488.33,124.17,497.78,247.5,497.78,247.5,488.33,聚米集团招商负责人：
256.39,488.33,256.39,499.44,279.64,499.29,280.83,488.33,张顺
290.83,487.78,290.83,499.44,375.83,499.44,375.83,487.78,13532445775
91.39,397.22,91.39,424.44,194.72,424.44,194.72,397.22,优惠价：
222.5,397.78,222.5,421.11,238.61,421.11,238.61,397.78,?
249.72,397.78,249.72,423.33,268.61,423.33,268.61,397.78,5
314.72,402.22,314.72,422.22,390.83,422.22,390.83,402.22,立即抢购
378.61,365.0,378.61,383.89,386.94,385.0,385.83,365.0,1
395.83,363.33,395.83,389.44,420.28,389.44,420.28,363.33,片
344.72,366.67,344.72,376.67,354.72,376.67,354.72,366.11,*
90.28,362.78,90.28,388.33,339.72,388.33,339.72,362.78,女性健康自我检测卡
376.94,291.11,376.94,300.56,395.83,300.56,397.5,292.22,NEW
374.17,303.89,374.17,311.11,399.72,311.11,399.72,303.89,###
225.83,257.22,225.83,264.44,256.94,264.44,255.36,257.86,###
258.06,257.78,258.06,263.89,299.72,263.89,299.72,257.78,###
303.06,256.67,303.06,263.89,338.61,263.89,338.61,256.67,###
196.94,235.0,196.94,252.22,377.5,252.22,377.5,235.0,女性健康自我检测卡
109.72,183.33,109.72,194.44,154.72,194.44,154.72,183.33,JINGS
158.06,182.22,158.06,195.0,182.5,195.0,182.5,182.22,婧氏
118.06,111.11,118.06,131.67,174.17,131.67,174.17,111.11,电话：
116.94,89.44,116.94,107.22,146.39,107.22,146.39,89.44,V:
188.61,111.67,188.61,131.67,371.94,131.67,371.94,111.67,13532445775
161.39,88.33,161.39,107.78,403.61,107.78,403.61,88.33,shunzi670267946
118.06,64.44,118.06,86.11,303.61,86.11,303.61,64.44,婧氏全国总代理商
194.72,28.33,194.72,41.67,238.06,41.67,238.06,28.33,保单号：
245.83,28.33,245.83,40.0,419.17,40.0,419.17,28.33,PZAI201537030000000004
195.28,12.78,195.28,26.67,482.5,26.67,482.5,12.78,本产品质量由中国人民财产保障险股份有限公司承保
95.36,470.71,95.36,484.29,141.07,484.29,141.07,470.71,质检报告
163.21,470.0,163.21,483.57,210.36,483.57,210.36,470.0,包装标签
325.36,494.29,325.36,495.0,323.21,495.0,323.21,494.29,13532445775
291.79,470.71,293.21,483.57,356.07,484.29,357.5,470.71,1次破损补寄
