273.18,771.76,274.59,780.24,306.59,781.65,304.71,774.12,ESENTIAL
308.0,774.12,308.0,780.71,317.41,780.71,317.41,774.12,###
326.82,768.47,328.71,780.71,345.18,783.06,349.41,772.71,###
272.71,754.35,272.71,768.94,317.88,768.94,317.88,754.35,###
272.24,743.53,273.65,748.24,317.41,749.18,318.35,744.47,###
271.76,733.65,272.71,738.82,318.82,740.24,319.29,736.47,###
272.24,724.71,272.24,728.94,312.24,731.29,312.71,725.65,###
271.76,715.76,272.24,720.47,297.65,722.82,298.59,717.18,Aroma
383.76,713.88,373.41,739.29,453.41,780.71,465.18,754.35,送精油
26.12,635.29,26.12,718.12,115.53,718.12,115.53,635.29,79
129.18,677.65,129.18,716.24,192.71,716.24,192.71,677.65,.00
130.59,640.0,130.59,671.53,226.59,671.53,226.59,640.0,促销价
536.71,569.88,536.71,580.24,577.18,580.24,577.18,569.88,电源/雾量
536.24,512.94,536.24,520.94,576.71,520.94,576.71,512.94,缺水/运行
540.94,473.88,540.94,482.35,572.47,482.35,572.47,473.88,零辐射
526.35,391.06,526.35,402.35,587.06,402.35,587.06,391.06,生活元素
507.53,373.18,508.0,383.53,532.0,382.59,532.0,373.18,LUFE
539.53,373.65,539.53,382.12,605.88,382.12,605.88,373.65,###
168.24,498.82,168.24,515.29,240.71,515.29,240.71,498.82,雾量可调
61.41,498.35,61.41,515.76,134.82,515.76,134.82,498.35,超大雾量
62.82,470.12,62.82,487.06,115.53,487.06,115.53,470.12,零辐射
33.18,331.29,33.18,445.65,286.35,445.65,286.35,331.29,加湿
32.71,206.59,32.71,324.24,287.29,324.24,287.29,206.59,快速
39.76,147.76,39.76,195.29,286.82,195.29,286.82,147.76,双孔大雾量
116.94,76.71,116.94,88.94,183.76,88.94,183.76,76.71,生活元素
117.88,64.47,117.88,71.06,182.82,71.06,182.82,64.47,ELEMENT
117.88,42.35,117.88,60.24,181.41,60.24,181.41,42.35,LEFE
59.53,48.47,59.53,77.18,82.59,77.18,82.59,48.47,CE
168.24,467.76,168.24,486.12,241.65,486.12,241.65,467.76,持久加湿
