116.63,540.75,116.63,552.0,235.88,552.0,235.88,540.75,RevitalizingFacialCleanser
135.38,529.5,135.38,539.25,217.13,539.25,217.13,529.5,Mega-mushroom
120.38,482.25,121.13,501.75,232.88,501.75,232.88,482.25,DR.MAGIC
127.13,504.0,127.13,512.25,223.88,512.25,223.88,504.0,purification+Energy
321.38,459.0,321.38,478.5,433.13,478.5,433.13,459.0,DR.MAGIC
328.88,481.5,328.88,490.5,424.88,490.5,424.88,481.5,purification+Energy
337.13,507.75,337.13,516.75,418.13,516.75,418.13,507.75,Mega-mushroom
330.38,519.0,330.38,528.75,426.38,528.75,426.38,519.0,RevitalizingEmuision
524.63,460.5,524.63,479.25,640.88,479.25,640.88,460.5,DR.MAGIC
534.38,483.0,534.38,492.0,631.88,492.0,631.88,483.0,purification+Energy
544.13,508.5,544.13,518.25,625.13,518.25,625.13,508.5,Mega-mushroom
541.88,522.0,541.88,531.0,625.13,531.0,625.13,522.0,RevitalizingLotion
62.63,63.75,61.13,122.25,187.88,122.25,188.63,63.75,专柜
61.88,129.0,61.88,188.25,185.63,188.25,185.63,129.0,正品
559.13,642.75,559.13,682.5,746.63,682.5,746.63,642.75,魔力美淘
