19.17,23.55,19.17,69.96,280.19,69.96,280.19,23.55,正品承諾
66.26,513.96,66.26,541.55,683.15,541.55,683.15,513.96,宝来速腾朗逸高尔夫开迪途安途观汽油滤芯
545.92,423.82,543.9,433.24,702.66,495.8,706.03,485.71,Sbop35670542.taobao.com
558.03,400.95,547.94,419.78,701.32,475.62,708.05,456.78,跃峰大众汽配
609.15,385.47,607.81,402.29,675.08,427.85,680.46,410.36,实物拍摄
317.19,287.93,317.19,345.78,348.14,345.78,348.14,287.93,FIMA
206.86,242.85,206.86,268.42,382.45,268.42,382.45,242.85,跃峰大众汽配
385.14,247.56,385.14,266.4,661.63,266.4,661.63,247.56,thttps://4fdzqp.taobao.com
315.85,214.6,315.85,248.91,331.32,248.91,329.97,215.27,1833
315.85,264.38,315.85,276.49,329.97,277.84,331.32,264.38,S
317.19,197.78,317.19,205.85,330.65,205.85,330.65,197.78,B
338.05,198.45,338.05,271.78,346.79,271.78,346.79,198.45,###
