95.83,368.0,96.29,379.43,132.17,384.67,132.83,373.0,450ge
166.83,71.0,166.5,98.67,292.17,98.67,292.5,70.67,品质保证
164.5,27.67,164.5,58.0,292.17,58.0,292.17,27.67,金牌卖家
99.83,42.0,99.83,71.67,132.17,71.67,132.17,42.0,金
36.29,76.0,36.29,448.0,71.71,448.0,71.71,76.0,真正欧洲原装进口肽敏舒
337.43,76.0,337.43,276.57,370.0,276.57,370.0,76.0,欧盟监管标准
338.57,296.0,338.57,429.71,369.43,429.71,369.43,296.0,非国内版
13.43,471.43,13.43,506.86,388.86,506.86,388.86,471.43,全网最新日期15年2月产
179.0,184.4,179.0,196.0,231.0,196.0,231.0,184.4,Nutririon
189.0,173.2,189.0,183.2,224.2,183.2,224.2,173.2,Nestle
241.0,184.0,241.0,191.2,302.2,200.8,303.4,194.8,SPECTALTY
105.8,196.0,107.0,200.8,164.2,191.6,163.0,184.8,PEDIATRIC
100.6,212.0,101.4,258.4,305.0,258.0,305.4,214.4,Althera
129.8,266.4,129.8,273.2,279.4,273.2,279.4,266.4,Dietalpotravinaurcenapeokoleocesalergil
120.2,284.4,119.8,291.2,288.2,292.8,288.2,284.4,Dieteticjapotravianorceajfredojcataalesgoe
120.6,293.2,121.0,300.4,287.4,300.8,287.4,293.2,nabielkovinykraytkehgmliekaabielkovinusbje
122.6,310.0,122.6,316.4,298.2,316.4,298.2,310.0,###
121.8,317.6,121.8,323.6,301.0,323.6,301.0,317.6,###
123.0,326.0,122.2,332.0,243.4,333.6,242.2,328.4,###
123.8,333.6,123.8,339.2,249.4,342.0,249.8,336.4,###
123.0,341.6,124.2,348.4,252.2,350.4,252.6,344.0,###
123.8,351.2,122.6,356.8,254.6,358.8,255.8,352.4,###
96.2,384.8,96.6,389.6,137.8,395.6,138.2,391.6,###
139.0,390.8,139.8,397.6,189.8,400.4,189.0,396.0,###
96.6,390.8,97.8,395.2,137.4,401.2,137.4,396.4,###
139.0,398.0,141.0,402.8,219.4,406.0,219.4,403.6,###
191.0,394.0,191.0,400.4,217.0,400.4,217.0,394.0,###
219.0,394.4,217.8,400.8,262.6,398.8,261.4,391.6,###
220.6,401.2,220.6,407.2,271.4,402.8,270.2,397.6,###
263.0,391.6,264.6,397.2,309.0,389.6,310.6,385.2,###
272.2,396.0,272.6,401.6,311.4,395.2,312.2,390.8,###
127.4,276.4,127.4,282.4,280.6,282.4,280.6,276.4,nabilkovnukravskehomlekaablkovlopsoji
