34.5,42.0,34.5,72.0,252.5,72.0,252.5,42.0,5年无差评老店
255.5,36.0,255.5,70.0,561.5,70.0,561.5,36.0,微信号：hippdad
503.5,66.0,530.5,119.0,265.5,190.0,224.5,135.0,寶寶老爸
45.5,99.0,45.5,130.0,240.5,130.0,240.5,99.0,专业德国代购
45.5,156.0,45.5,186.0,241.5,186.0,241.5,156.0,本土超市采购
77.5,214.0,77.5,245.0,206.5,245.0,206.5,214.0,百年品牌
77.5,271.0,77.5,303.0,207.5,303.0,207.5,271.0,破损包赔
337.5,214.0,337.5,230.0,377.5,230.0,377.5,214.0,boy
335.5,212.0,337.5,230.0,300.5,245.0,299.5,224.0,###
372.5,240.0,376.5,248.0,360.5,255.0,361.5,246.0,###
358.5,247.0,359.5,254.0,347.5,256.0,347.5,250.0,###
323.5,249.0,323.5,257.0,342.5,257.0,342.5,249.0,###
357.5,287.0,357.5,301.0,284.5,301.0,284.5,287.0,Polster
360.5,309.0,360.5,324.0,286.5,324.0,286.5,309.0,Teppich
366.5,336.0,366.5,350.0,280.5,350.0,280.5,336.0,Reiniger
352.5,358.0,352.5,366.0,291.5,366.0,291.5,358.0,Konzentrat
378.5,371.0,378.5,381.0,320.5,381.0,320.5,371.0,Kunstaewebe
274.5,370.0,274.5,379.0,320.5,382.0,319.5,373.0,Natur-und
379.5,424.0,379.5,433.0,328.5,438.0,330.5,429.0,###
372.5,442.0,370.5,447.0,338.5,452.0,339.5,447.0,###
435.5,427.0,435.5,451.0,522.5,451.0,522.5,427.0,全球购
523.5,452.0,523.5,461.0,433.5,461.0,433.5,452.0,GTAOBAOCOM
488.5,493.0,507.5,536.0,425.5,592.0,399.5,551.0,直邮
383.5,483.0,383.5,492.0,337.5,492.0,337.5,483.0,enternung
387.5,471.0,388.5,481.0,337.5,483.0,339.5,474.0,sanfteFleck
151.5,490.0,128.5,527.0,211.5,587.0,240.5,546.0,现货
384.5,500.0,384.5,508.0,336.5,508.0,336.5,500.0,Farbschutz
260.5,368.0,260.5,377.0,275.5,377.0,275.5,368.0,Fur
347.5,156.0,352.5,173.0,283.5,212.0,279.5,181.0,DM
308.5,79.0,308.5,89.0,348.5,89.0,348.5,79.0,###
312.5,66.0,312.5,75.0,346.5,75.0,346.5,66.0,MADEIN
142.5,169.0,142.5,169.0,143.5,169.0,143.5,169.0,###
