380.0,319.27,380.0,421.82,776.36,421.82,776.36,319.27,厂家授权
381.45,432.73,381.45,534.55,777.09,534.55,777.09,432.73,满就包邮
145.82,324.36,145.82,351.27,268.73,351.27,268.73,324.36,GIAEOS
177.09,355.64,177.09,369.45,238.18,369.45,238.18,355.64,###
239.64,352.0,239.64,360.73,246.18,360.73,246.18,352.0,R
257.09,134.55,257.09,166.55,377.09,166.55,377.09,134.55,专柜正品
401.09,135.27,401.09,166.55,520.36,166.55,520.36,135.27,假一赔十
114.55,24.73,114.55,101.82,675.27,101.82,675.27,24.73,独钓寒江不孤独
115.27,736.73,115.27,749.82,124.0,749.82,124.0,736.73,6
83.27,650.91,83.27,661.82,113.09,661.82,113.09,650.91,###
328.36,632.0,329.09,643.64,220.0,648.73,221.45,637.09,###
144.36,637.09,144.36,649.45,214.18,649.45,214.18,637.09,###
83.27,637.82,83.27,648.0,138.55,648.0,138.55,637.82,###
326.91,621.09,327.64,634.18,81.82,634.18,84.0,624.0,###
321.82,606.55,321.82,621.82,82.55,621.82,84.73,610.91,###
81.82,587.64,81.82,605.09,182.91,605.09,182.91,587.64,深彻.焕白晚霜
334.18,554.18,334.18,563.64,74.55,563.64,74.55,554.18,Basedonwater.growingwithwater.nourishedby
73.09,568.73,73.09,578.18,105.09,578.18,105.82,568.73,water.
73.09,527.27,73.09,543.27,302.91,543.27,302.91,527.27,GIAEOS,DiscoverYourBeauty
199.64,736.0,199.64,749.09,133.45,749.09,133.45,736.0,940714
207.64,735.27,207.64,746.18,274.55,746.18,274.55,735.27,505139
