76.27,148.27,76.27,178.13,107.2,178.13,107.2,148.27,专
77.33,209.07,77.33,242.13,108.27,242.13,108.27,209.07,柜
76.27,272.0,76.27,302.93,109.33,302.93,109.33,272.0,正
78.4,333.87,78.4,364.8,108.27,364.8,108.27,333.87,品
139.2,363.73,136.0,494.93,524.27,457.6,523.2,391.47,游游鱼55
550.93,534.4,550.93,566.4,585.07,566.4,585.07,534.4,假
550.93,604.8,550.93,619.73,585.07,619.73,585.07,604.8,一
554.13,656.0,554.13,693.33,585.07,693.33,585.07,656.0,罚
553.07,722.13,553.07,755.2,585.07,755.2,585.07,722.13,十
161.6,673.07,161.6,700.8,380.27,700.8,380.27,673.07,亲们请认准旺旺号：
396.27,673.07,396.27,698.67,505.07,698.67,505.07,673.07,游游鱼55
130.67,720.0,130.67,746.67,245.87,746.67,245.87,720.0,仅此一家！
266.13,721.07,266.13,747.73,379.2,747.73,379.2,721.07,别无分店！
398.4,721.07,398.4,744.53,512.53,744.53,512.53,721.07,谨防受骗！
307.73,39.47,307.73,53.33,362.13,53.33,362.13,39.47,YINER
328.0,28.8,328.0,40.53,345.07,40.53,345.07,28.8,音儿‘
252.27,150.4,251.2,158.93,291.73,168.53,291.73,161.07,###
