106.89,370.22,106.89,396.44,273.11,396.44,273.11,370.22,20年胸针品牌
284.67,373.78,284.67,393.78,289.11,393.78,289.11,373.78,！
238.44,113.33,238.44,137.78,384.67,137.78,384.67,113.33,时尚优雅气质
211.33,70.67,211.33,110.67,289.11,110.67,289.11,70.67,清新
290.0,85.78,290.0,108.44,386.44,108.44,386.44,85.78,不失闪耀
315.33,18.67,315.33,44.0,384.22,44.0,384.22,18.67,银得利
311.78,44.89,311.78,52.44,347.33,52.44,347.33,44.89,YINDELI
351.33,44.89,351.33,52.44,392.67,52.44,392.67,44.89,JEWELRY
387.14,36.57,387.14,42.86,392.86,42.86,392.86,36.57,###
273.38,32.62,273.38,46.46,306.31,46.46,306.31,32.62,YDL
