17.86,122.24,17.86,50.44,130.52,50.44,130.52,122.24,轻盈
60.57,159.42,60.57,116.35,130.52,116.35,130.52,159.42,无感
133.47,125.55,133.47,157.21,139.36,157.21,139.36,125.55,###
12.7,184.83,12.7,174.89,145.25,174.89,145.25,184.83,健康0压力聚拢贴合舒适100%
17.49,206.92,17.49,194.77,138.25,194.77,138.25,206.92,超薄无海绵透气夏季专属
312.77,403.16,312.77,383.65,368.73,383.65,368.73,403.16,慕俪安
16.02,334.68,16.02,351.25,81.18,351.25,81.18,334.68,大胸专属
16.75,353.82,16.75,370.02,179.86,370.02,179.86,353.82,BCD大胸显小缩胸文胸
96.65,311.11,92.6,303.38,118.0,288.65,121.32,296.39,GOOD
91.49,305.59,69.03,288.65,61.67,293.44,84.13,311.11,STEEP
55.04,287.18,55.04,282.03,110.27,282.4,110.64,287.18,MULIANNEIYI
85.23,253.68,88.92,243.74,113.95,251.47,109.9,260.67,无敌养
116.16,284.6,109.17,259.57,119.47,256.99,126.1,284.97,生内衣
60.57,264.72,60.57,279.82,104.38,279.82,104.38,264.72,防走光
