458.0,692.0,458.0,724.0,546.0,724.0,546.0,692.0,详询：
556.4,696.8,556.4,722.4,770.8,722.4,770.8,696.8,18973988573
682.8,628.8,682.8,651.2,772.4,651.2,772.4,628.8,七天退换
714.8,584.0,714.8,608.8,740.4,608.8,740.4,584.0,七
455.6,629.6,455.6,651.2,546.0,651.2,546.0,629.6,正品保障
570.0,628.0,570.0,650.4,658.8,650.4,658.8,628.0,提供发票
459.6,480.8,459.6,552.8,774.0,552.8,774.0,480.8,姚姚塑胶原料店
209.2,36.0,208.4,86.4,510.8,81.6,514.0,35.2,日本三菱POM
565.2,37.6,565.2,84.0,789.2,84.0,789.2,37.6,100%正品
254.57,741.14,254.57,747.43,299.14,748.0,299.14,741.14,###
255.71,716.0,255.71,724.0,302.0,724.0,302.0,714.29,COLOR
257.43,682.86,255.71,691.43,304.29,691.43,303.71,682.29,GBADE
332.86,705.14,333.43,719.43,375.14,705.14,371.71,693.14,自然色
328.29,735.43,327.71,747.43,368.86,739.43,370.0,725.71,A7EO
371.14,723.43,376.29,738.29,400.86,724.57,399.14,706.86,144I
331.14,720.0,333.43,729.71,390.0,708.57,387.71,698.86,NATURAL
154.57,615.43,155.71,627.43,201.43,632.57,201.43,615.43,MADE
208.86,617.71,208.86,631.43,223.14,630.86,224.29,617.71,IN
231.14,618.29,231.14,631.43,311.14,631.43,311.14,618.29,THAILAND
72.29,562.86,71.71,576.57,137.43,596.57,140.86,574.86,###
149.43,582.29,149.43,597.71,271.14,602.29,272.29,585.71,Engineering
275.71,586.29,275.14,601.14,356.86,594.29,356.29,580.0,-Plastics
364.29,577.71,364.86,593.71,392.86,587.43,392.86,573.71,Corp
348.86,541.14,347.71,565.71,395.71,557.71,394.0,536.0,株式会社
71.71,531.43,68.86,552.0,170.0,570.29,171.14,543.43,###
173.43,545.14,169.43,569.14,348.29,566.86,346.57,543.43,###
151.71,425.71,147.71,438.29,207.71,440.0,208.29,429.14,ACETAL
212.86,427.43,212.86,440.57,307.14,440.57,307.14,427.43,COPOLYMEP
270.0,406.29,270.0,425.14,306.0,425.14,306.0,406.29,###
150.0,408.57,150.0,426.29,268.86,426.29,268.86,408.57,###
153.43,357.71,153.43,384.57,307.71,381.71,311.14,357.71,oupital
126.57,257.71,128.29,337.14,393.43,336.57,387.11,266.67,###
48.86,245.14,48.86,276.0,111.14,276.0,111.14,245.14,保障
49.43,210.29,49.43,244.57,112.29,244.57,112.29,210.29,信誉
7.14,137.14,42.57,172.57,177.43,35.43,145.43,1.71,原装进口
316.86,341.71,316.86,348.57,322.0,348.57,322.0,341.71,###
59.27,321.45,56.36,340.36,120.36,336.0,120.36,320.0,###
506.55,223.27,506.55,456.0,712.36,456.0,712.36,223.27,H
374.67,268.44,374.67,284.44,392.44,284.44,392.44,268.44,?
