306.88,138.75,305.63,157.5,394.38,153.75,395.63,137.5,BERNARD
401.88,137.5,401.88,153.75,450.63,155.0,451.88,140.0,LAFO
480.63,143.75,480.63,158.75,451.88,156.25,453.13,142.5,ND
489.38,146.25,486.88,160.0,534.38,168.75,539.38,156.25,EURS
291.88,145.0,290.63,156.25,228.13,168.75,223.13,156.25,FOURRURES
580.63,172.5,575.63,181.25,604.38,190.0,608.13,181.25,5610
11.88,678.75,11.88,732.5,429.38,732.5,429.38,678.75,单层全蕾丝透视
464.38,676.25,464.38,733.75,698.13,733.75,698.13,676.25,半身短袖
4.38,363.75,4.38,387.5,121.88,387.5,121.88,363.75,小昭搜藏馆
454.38,362.5,454.38,387.5,574.38,387.5,574.38,362.5,小昭搜藏馆
588.13,363.75,588.13,385.0,746.88,385.0,746.88,363.75,http://36900
135.63,362.5,135.63,385.0,441.88,385.0,441.88,362.5,http://369000.taobao.com
