54.0,129.33,54.0,210.67,374.0,210.67,374.0,129.33,WANTED
434.0,152.0,434.0,224.0,723.33,224.0,723.33,152.0,WANTED
15.33,16.0,15.33,72.0,247.33,72.0,247.33,16.0,彩绘硬壳
307.33,24.0,307.33,66.67,472.67,66.67,472.67,24.0,一件包邮
543.33,29.33,543.33,60.0,752.67,60.0,752.67,29.33,魅族MX5PRO
455.33,632.0,455.33,648.0,642.0,648.0,642.0,632.0,DEADORAI
454.0,650.67,454.0,684.0,626.0,684.0,626.0,650.67,MONKEY·D·L
479.33,692.0,479.33,712.0,610.0,712.0,610.0,692.0,300000
752.67,641.33,768.67,689.33,646.0,712.0,634.0,668.0,9.9元
750.0,705.33,760.67,758.67,658.0,784.0,648.67,730.67,仅售
278.0,733.33,278.0,756.0,375.33,756.0,375.33,733.33,MARIN
100.67,704.0,100.67,729.33,355.33,729.33,355.33,704.0,300000000
70.0,657.33,70.0,696.0,360.67,696.0,360.67,657.33,MONKEY·D·LUFFY
70.0,637.33,70.0,656.0,359.33,656.0,359.33,637.33,DEANORALIVE
458.0,690.67,458.0,712.0,474.0,712.0,474.0,690.67,###
74.0,705.33,74.0,729.33,92.67,729.33,92.67,705.33,###
468.67,717.33,468.67,726.67,620.67,726.67,620.67,717.33,###
468.67,728.0,468.67,733.33,576.67,733.33,576.67,728.0,###
87.33,746.67,87.33,754.67,218.0,754.67,218.0,746.67,###
87.33,734.67,87.33,745.33,266.0,745.33,266.0,734.67,###
