94.99,655.28,100.94,656.66,144.82,638.37,144.82,633.8,###
7.22,576.2,7.68,581.23,15.91,576.2,14.99,572.54,###
25.05,567.97,25.97,572.08,52.48,562.03,53.39,557.46,###
56.59,554.26,55.22,560.2,77.17,551.97,77.17,545.57,###
80.82,543.74,80.82,549.23,102.31,539.17,101.85,534.6,###
104.59,533.18,106.88,538.21,155.79,516.26,153.97,511.69,###
483.11,645.68,503.68,649.8,569.92,600.4,559.52,587.6,SPORTS
475.79,617.34,484.94,630.14,617.97,530.48,610.65,517.23,运动风再次成为新宠
623.45,457.8,639.45,477.0,414.54,646.14,401.28,626.03,活力十足+印花当道
518.77,388.67,512.37,404.21,586.42,442.15,591.91,429.35,DESCOIOTNE
513.52,359.42,511.52,363.02,527.52,371.42,527.12,368.22,###
533.12,371.33,533.52,374.93,547.52,381.02,547.12,376.62,###
549.52,378.62,549.12,380.62,558.32,385.82,560.32,382.62,###
561.92,384.62,561.92,387.42,569.12,391.42,570.72,388.22,###
581.12,397.42,582.72,393.42,570.72,390.62,573.12,394.62,###
518.08,352.0,513.6,358.4,578.24,389.12,577.6,384.64,###
593.52,312.53,593.52,318.13,606.72,325.73,608.32,319.73,###
64.32,370.57,61.12,378.17,106.32,394.57,109.92,388.97,###
66.32,364.97,65.12,370.57,129.52,393.37,132.32,386.17,###
68.32,356.97,65.92,362.97,123.12,382.17,125.52,374.97,###
101.92,311.37,96.32,322.57,166.72,347.77,170.72,335.77,DESCOIOTNE
8.32,370.17,14.72,379.77,62.72,347.77,60.72,334.57,TIDALC
100.72,259.33,96.72,275.33,177.52,301.73,184.72,287.73,舒适圆领设计
15.12,294.53,20.72,306.53,100.72,250.93,94.32,242.13,简约也能足够有型
47.12,211.64,69.52,242.44,196.72,155.24,177.92,122.44,舒适休闲
291.52,224.13,285.12,243.33,420.72,264.53,424.72,243.73,DESCOIOTNE
580.72,594.0,568.72,578.4,638.72,528.8,639.12,547.2,FASHIC
23.04,220.38,18.12,213.0,217.01,78.11,221.93,85.0,BUTALSOTHEPERMANCEOFTHEPERSONALITV.
7.78,202.17,11.22,211.03,132.33,130.29,124.45,123.4,WEARINGISVERYCONVEIENT.
1.38,187.4,0.39,198.23,194.85,65.8,187.47,59.4,HEELSCALABILYISLAZYDESIONCOMRABLE
0.89,137.68,1.87,171.65,132.33,83.03,119.04,59.4,LEISURE
126.92,52.02,143.65,76.63,248.52,3.77,202.73,0.32,FASHI
515.52,339.84,509.76,355.2,514.88,356.48,520.64,341.76,###
586.56,373.76,578.88,390.4,601.92,400.64,607.04,384.64,D
