21.58,196.0,21.58,245.0,208.25,245.0,208.25,196.0,智美蜗牛
33.25,252.0,33.25,292.83,174.42,292.83,174.42,252.0,玻尿酸
23.92,305.67,23.92,348.83,209.42,348.83,209.42,305.67,保湿洁面
29.75,54.83,29.75,122.5,158.08,122.5,158.08,54.83,包邮
411.25,280.0,411.25,303.33,474.25,303.33,474.25,280.0,SNAIL
435.75,226.33,435.75,233.33,448.58,233.33,448.58,226.33,###
432.25,198.33,432.25,205.33,450.92,205.33,450.92,198.33,###
431.08,205.33,431.08,211.17,453.25,211.17,453.25,205.33,###
485.92,117.83,485.92,165.67,400.75,165.67,400.75,117.83,###
511.58,355.83,511.58,372.17,378.58,375.67,377.42,361.67,HvaluronicAcid
499.92,374.5,497.58,383.83,389.08,387.33,389.08,379.17,###
516.25,394.33,516.25,409.5,370.42,409.5,370.42,394.33,UltimateHvaluronicAcid
498.75,414.17,498.75,425.83,389.08,425.83,389.08,414.17,PurifyingCleaner
497.58,481.83,497.58,511.0,383.25,511.0,383.25,481.83,###
475.42,518.0,475.42,527.33,407.75,527.33,407.75,518.0,beautiful
548.92,452.67,548.92,572.83,578.08,572.83,578.08,452.67,RASNAT
585.08,478.33,585.08,542.5,593.25,542.5,593.25,478.33,###
631.75,452.67,631.75,560.0,650.42,560.0,650.42,452.67,120ge40FL.oz.
342.42,448.0,342.42,597.33,359.92,597.33,359.92,448.0,HvaluronicAcid
252.58,487.67,252.58,569.33,280.58,569.33,280.58,487.67,SNAIL
285.25,476.0,285.25,577.5,303.92,577.5,303.92,476.0,MUCOUS
119.58,523.83,119.58,549.5,127.75,549.5,127.75,523.83,###
128.92,520.33,128.92,550.67,135.92,550.67,135.92,520.33,###
452.08,15.17,452.08,31.5,516.25,31.5,516.25,15.17,实物拍摄
450.92,33.83,450.92,50.17,515.08,50.17,515.08,33.83,盗用必究
662.08,11.67,662.08,31.5,546.58,31.5,546.58,11.67,viviss名妆
681.92,38.5,681.92,49.0,525.58,49.0,525.58,38.5,shop57672391.taobao.com
156.92,529.67,156.92,540.17,165.08,540.17,165.08,529.67,###
401.92,308.0,401.92,322.0,483.58,322.0,484.75,304.5,MUCOUS
