29.6,835.2,29.6,916.8,456.8,916.8,456.8,835.2,加拿大发货
488.8,838.4,488.8,916.8,920.8,916.8,920.8,838.4,199包直邮
248.8,944.0,248.8,950.4,308.0,950.4,308.0,944.0,###
560.8,606.4,560.8,617.6,658.4,617.6,658.4,606.4,Sorbetalafraise
554.4,593.6,554.4,603.2,661.6,603.2,661.6,593.6,StrawberrySorbet
237.6,595.2,237.6,604.8,324.0,604.8,324.0,595.2,BlueberryAcai
244.0,609.6,244.0,617.6,319.2,617.6,319.2,609.6,Bleuetetaca
91.8,85.2,91.8,146.4,211.8,146.4,211.8,85.2,正品
94.2,154.8,94.2,214.8,217.8,214.8,217.8,154.8,保证
225.0,228.0,223.89,242.74,562.2,246.0,562.2,228.0,Lebaumealevresquifait
275.4,188.4,275.4,213.6,587.4,213.6,587.4,188.4,lipbalmthatmakesyou
598.2,195.6,598.2,212.4,664.2,212.4,664.2,195.6,###
570.6,228.0,570.6,244.8,660.6,244.8,660.6,228.0,###
222.6,188.4,222.6,208.8,268.2,208.8,268.2,188.4,###
245.4,126.0,245.4,141.6,285.0,141.6,285.0,126.0,###
294.6,128.4,294.6,144.0,407.4,144.0,407.4,128.4,ofsmooth
196.2,55.2,232.2,104.4,359.4,111.6,359.4,55.2,eos
583.8,57.6,583.8,73.2,681.0,73.2,681.0,57.6,100%natural
583.89,78.17,583.89,91.2,675.77,91.2,675.77,78.17,95organic
583.2,104.23,583.2,117.26,681.26,117.26,681.26,104.23,1005naturel
583.2,123.43,583.2,135.77,699.77,133.71,701.14,125.49,95%biologique
528.34,96.69,528.34,105.6,562.63,105.6,562.63,96.69,###
532.46,81.6,532.46,91.89,559.2,91.89,559.89,81.6,USDA
290.4,341.49,290.4,358.63,471.43,359.31,466.63,343.54,http://eriobaby.
468.69,340.8,469.37,357.26,601.71,347.66,599.66,331.2,taobao.com
363.09,259.89,363.09,320.91,600.34,320.91,600.34,259.89,卡罗母婴
405.6,125.49,405.6,131.66,415.89,131.66,415.89,125.49,###
368.57,62.4,368.57,56.91,355.54,56.91,355.54,62.4,###
788.91,148.11,787.54,159.09,902.74,190.63,908.91,180.34,###
786.86,168.0,786.17,178.97,900.0,210.51,902.74,199.54,###
794.4,187.2,790.97,190.63,897.94,219.43,899.31,214.63,###
790.29,192.0,789.6,199.54,902.06,227.66,903.43,222.17,###
834.86,218.74,833.49,223.54,956.91,254.4,956.91,248.91,###
863.66,233.83,862.97,240.0,958.97,260.57,955.54,255.77,###
823.89,235.2,821.83,241.37,959.66,273.6,956.91,265.37,###
896.57,257.83,895.89,263.31,959.66,277.71,956.23,272.91,###
874.63,258.51,874.63,267.43,956.91,283.89,956.91,278.4,###
904.11,279.09,904.11,284.57,958.29,299.66,958.29,292.11,###
853.37,313.37,850.63,327.09,955.54,354.51,959.66,340.8,HealthBala
851.31,335.31,847.2,346.97,954.86,375.77,958.97,363.43,###
851.31,355.2,849.26,360.0,958.97,390.17,958.97,381.94,###
850.63,362.74,843.77,368.23,959.66,399.09,956.91,390.86,###
802.63,377.14,801.26,396.34,956.91,438.17,957.6,423.09,HAIRREGROW
867.09,416.91,867.77,425.14,916.46,439.54,915.77,430.63,###
861.6,434.06,861.6,440.91,908.23,453.26,911.66,445.71,###
774.51,418.29,771.09,429.94,954.86,486.17,958.29,470.4,POURLAREPOUSSEDESCHII
801.94,466.29,797.14,471.09,942.51,514.97,941.83,505.37,###
829.37,483.43,830.06,488.91,905.49,512.23,906.86,506.06,###
787.54,480.0,785.49,486.86,945.26,534.86,945.94,526.63,###
825.26,499.89,823.89,505.37,899.31,528.0,902.06,523.2,###
769.71,530.74,766.29,536.23,932.23,587.66,932.91,579.43,###
776.57,540.34,775.89,544.46,913.03,591.09,915.77,583.54,###
771.77,547.89,769.71,552.69,911.66,595.89,915.77,591.77,###
876.69,624.0,874.63,632.91,957.6,667.2,958.97,658.97,###
854.74,637.03,853.37,644.57,954.86,685.71,959.66,678.86,###
771.77,597.26,771.77,607.54,790.29,611.66,790.29,605.49,###
772.46,584.91,772.46,594.51,789.6,601.37,793.03,591.09,###
