11.15,530.23,11.15,589.38,115.72,589.38,115.72,530.23,强力
142.3,533.66,142.3,589.38,253.72,589.38,253.72,533.66,灭蟑
273.44,533.66,273.44,586.8,386.58,586.8,386.58,533.66,环保
421.72,519.95,421.72,594.52,584.58,594.52,584.58,519.95,包邮
495.44,167.66,495.44,452.23,546.01,452.23,546.01,167.66,假一罚十
49.72,164.23,49.72,441.95,96.01,441.95,96.01,164.23,保证效果
195.44,398.23,195.44,410.23,401.15,410.23,400.3,399.09,###
195.44,413.66,195.44,423.09,401.15,423.09,401.15,413.66,###
305.15,426.52,305.15,439.38,328.3,439.38,328.3,426.52,###
334.3,427.38,334.3,440.23,401.15,440.23,401.15,427.38,###
194.58,427.38,194.58,439.38,218.58,439.38,218.58,427.38,###
224.58,426.52,222.01,436.8,294.01,436.8,292.3,427.38,###
359.15,290.23,361.34,388.4,384.01,390.52,382.01,290.4,全巢死亡
211.72,288.52,211.72,390.52,236.58,390.52,236.58,288.52,消灭蟑螂
225.44,267.95,225.44,279.09,359.15,279.09,359.15,267.95,miezhangqing
211.72,230.23,211.72,261.95,251.15,261.95,251.15,230.23,灭
270.01,230.23,270.01,262.8,312.01,262.8,312.01,230.23,蟑
334.3,227.66,334.3,259.38,373.72,259.38,373.72,227.66,清
239.15,214.8,239.15,225.09,352.3,225.09,352.3,214.8,###
255.44,189.95,255.44,213.95,281.15,213.95,281.15,189.95,强
311.15,189.95,311.15,212.23,336.01,212.23,336.01,189.95,力
196.3,183.17,196.3,196.88,210.87,196.88,210.87,183.17,达
224.58,183.17,224.67,195.25,238.01,195.92,238.3,183.17,###
266.31,177.47,266.31,185.78,309.24,185.78,309.24,177.47,###
314.77,177.93,314.77,184.85,384.01,184.85,384.01,177.93,###
264.93,169.16,264.93,177.47,382.62,177.47,382.62,169.16,###
264.47,159.93,264.47,166.85,318.47,166.85,318.47,159.93,###
325.39,160.85,325.39,169.16,381.24,169.16,381.24,162.24,###
25.85,11.65,25.85,78.11,161.08,78.11,161.08,11.65,拍下
168.47,0.11,168.47,92.42,336.01,92.42,336.01,0.11,9.9
345.7,10.27,345.7,78.11,587.54,78.11,587.54,10.27,元=10包
