18.0,20.0,18.0,77.33,306.0,77.33,306.0,20.0,亲，我都等不及啦
783.33,18.67,783.33,76.0,528.67,76.0,528.67,18.67,快把我娶回家吧
208.57,316.57,215.43,369.14,48.67,413.33,44.0,362.29,羽毛牌
734.0,285.33,747.33,308.0,615.33,342.67,604.67,318.67,日本制造
734.0,382.67,735.33,438.67,340.67,549.33,332.67,489.33,SPECIAL
614.0,474.67,614.0,488.0,539.33,506.67,543.33,493.33,EDGE
519.33,501.33,519.33,514.67,404.67,545.33,400.67,533.33,COATED
379.33,538.67,380.67,553.33,234.0,593.33,228.67,581.33,PLATINUM
320.67,526.67,326.0,550.67,218.0,588.0,200.67,562.67,CUT
332.67,510.67,332.67,525.33,319.33,525.33,319.33,510.67,?
311.33,493.33,318.0,528.0,76.67,597.33,58.0,564.0,FEATHER
184.67,566.67,204.67,573.33,126.0,624.0,108.67,614.67,SUPER
7.33,716.0,7.33,766.67,271.33,766.67,271.33,716.0,满9.9元全场包邮
500.67,714.67,500.67,770.67,783.33,770.67,783.33,714.67,商品不限数量不限
596.67,741.33,596.67,740.0,598.0,740.0,598.0,741.33,###
371.33,361.33,383.33,401.33,344.67,409.33,340.67,370.67,用
307.33,380.0,316.67,417.33,276.67,429.33,270.0,388.0,发
236.67,396.0,248.67,436.0,208.67,445.33,207.33,405.33,美
176.67,417.33,183.33,453.33,142.0,462.67,138.0,424.0,业
108.67,433.33,115.33,474.67,75.33,481.33,71.33,444.0,专
232.57,306.29,237.14,358.86,486.29,292.57,472.57,241.14,超级H
497.71,242.29,510.29,284.57,706.86,238.86,698.86,193.14,白金刀片
