268.46,763.39,268.46,794.98,394.13,794.98,394.13,763.39,三倍补水
412.94,764.06,412.94,794.98,600.43,794.98,600.43,764.06,韩国原装进口
241.58,678.72,241.58,688.8,302.06,688.8,302.06,678.72,272748635
240.91,694.85,240.91,702.91,365.9,702.91,365.9,694.85,doudoutine.taobao.com
243.6,707.62,243.6,718.37,310.13,718.37,310.13,707.62,绝对绝对正品
315.5,706.27,315.5,718.37,359.86,718.37,359.86,706.27,海外直邮
245.62,636.38,246.29,649.82,413.62,650.5,410.26,636.38,豆豆良品铺海外代购店
21.84,600.1,21.84,632.35,149.52,632.35,149.52,600.1,软化角质
21.84,530.21,21.84,560.45,141.46,560.45,141.46,530.21,水油平衡
19.82,462.34,19.82,492.58,138.77,492.58,138.77,462.34,镇静舒缓
17.81,394.46,17.81,424.7,142.8,424.7,142.8,394.46,滋润肌肤
461.33,323.23,429.74,684.1,459.31,688.8,493.58,338.69,###
418.32,682.08,418.32,699.55,435.79,699.55,435.79,682.08,###
445.87,674.02,445.87,685.44,460.66,685.44,460.66,674.02,###
406.22,663.26,406.22,678.72,424.37,678.72,424.37,663.26,###
427.73,660.58,427.73,672.67,441.84,672.67,441.84,660.58,###
445.2,655.2,445.2,667.3,459.98,667.3,459.98,655.2,###
441.84,637.06,441.84,650.5,453.94,650.5,453.94,637.06,###
421.01,643.1,421.01,658.56,435.79,658.56,435.79,643.1,###
416.98,659.23,416.98,646.46,398.83,646.46,398.83,659.23,###
289.3,589.34,287.95,600.1,401.52,606.14,403.54,596.06,HYALURONICACID
313.49,574.56,314.16,585.98,380.02,588.67,378.67,577.92,CERAMIDE
308.78,558.43,310.13,568.51,388.08,572.54,388.75,563.14,WITHLYSINE
279.22,544.32,277.87,553.06,418.99,561.79,421.68,552.38,AMINOACIDCOMPLEX
295.34,511.39,295.34,520.13,303.41,520.13,303.41,511.39,+
310.13,512.06,308.78,522.14,360.53,526.18,360.53,514.75,AMINO
367.25,515.42,367.92,524.83,404.21,526.85,404.21,516.1,ACID
297.36,496.61,298.03,508.03,411.6,514.08,411.6,503.33,MOISTURIZING
267.79,436.8,267.79,456.29,377.33,463.01,377.33,444.19,MOISTURE
384.05,445.54,383.38,463.68,443.18,465.7,441.84,448.22,MASK
312.14,417.31,310.13,433.44,402.19,442.18,404.21,420.67,AMINO
327.6,371.62,328.27,386.4,394.8,389.76,395.47,376.99,MEDIU
320.21,353.47,318.86,367.58,405.55,372.96,406.9,358.18,LEADERS
11.76,229.82,11.76,260.06,652.18,260.06,652.18,229.82,韩国丽得姿美蒂优氨基酸补水水库面膜贴10片
280.56,157.92,279.22,184.13,371.28,190.18,372.62,163.3,###
380.69,172.03,380.69,179.42,385.39,179.42,385.39,172.03,###
394.8,165.31,392.78,191.52,525.17,202.94,528.53,173.38,###
334.32,111.55,332.3,128.35,518.45,144.48,521.14,125.66,###
314.83,114.24,314.83,126.34,326.93,126.34,326.93,114.24,+
526.51,129.7,526.51,141.12,535.92,141.12,535.92,129.7,+
17.81,31.58,17.81,81.98,121.97,81.98,121.97,31.58,正品
209.33,152.54,222.1,168.0,279.89,110.88,262.42,97.44,###
