15.67,44.0,15.67,108.0,247.0,108.0,247.0,44.0,植物物语
245.0,40.67,245.0,54.67,259.67,54.67,259.0,42.0,?
531.0,20.0,511.67,61.33,671.67,120.0,695.0,88.67,把最好的
505.67,76.67,489.0,132.0,587.67,146.67,607.67,109.33,给你
609.67,112.0,587.67,148.67,769.67,220.0,776.33,180.0,最关心的人
99.0,254.0,124.33,295.33,226.33,242.0,210.33,208.67,防漏边
21.0,286.0,35.0,320.67,68.33,296.67,59.0,269.33,双
64.33,279.33,73.67,313.33,113.0,301.33,103.67,267.33,重
115.67,301.33,121.0,326.67,222.33,283.33,212.33,262.0,无感护围
351.67,300.67,349.0,306.0,413.67,307.33,413.0,300.0,###
351.67,308.67,351.67,313.33,371.0,313.33,371.0,308.67,###
363.67,314.67,363.67,318.67,406.33,318.67,407.67,313.33,###
405.0,259.33,405.0,262.67,426.33,262.67,426.33,259.33,###
405.0,250.0,405.0,255.33,467.0,255.33,468.33,250.67,###
419.67,263.33,418.33,266.67,459.0,268.0,459.67,262.67,###
265.67,357.33,265.67,367.33,445.0,367.33,445.0,357.33,###
351.67,402.0,351.67,419.33,371.0,419.33,371.0,402.67,双
387.67,428.67,389.67,406.67,369.0,406.67,369.0,426.0,重
391.67,403.33,391.67,425.33,446.33,425.33,446.33,403.33,防漏边
389.0,426.67,389.0,439.33,439.0,439.33,439.0,426.67,无感护围
324.33,450.67,324.33,460.0,334.33,459.33,335.0,450.67,?
165.67,453.33,165.67,497.33,325.67,497.33,325.67,453.33,植物物语
210.33,501.33,210.33,512.67,279.67,512.67,279.67,501.33,###
185.0,433.33,185.0,448.67,236.33,448.67,236.33,433.33,无添加
190.33,425.33,190.33,430.67,230.33,430.67,230.33,425.33,###
172.33,414.0,172.33,425.33,195.0,425.33,195.0,414.0,健康
163.0,608.0,163.0,616.67,209.0,616.67,209.0,608.0,夜用285mm
225.0,612.0,225.0,632.0,247.67,631.33,249.0,612.0,18
249.0,620.0,249.0,630.67,259.0,630.67,259.0,620.0,片
168.25,622.5,168.25,633.5,192.75,633.5,192.75,622.5,干裹·
194.75,620.5,194.75,635.0,209.75,635.0,209.75,620.5,网
361.75,548.0,361.75,555.5,390.75,552.5,388.75,539.5,###
363.75,590.5,359.25,600.0,384.25,610.0,385.75,602.0,###
386.25,603.0,387.75,611.5,407.75,609.5,405.25,599.0,###
404.75,597.0,407.75,608.5,422.25,598.0,415.75,590.0,###
84.75,698.0,84.75,727.5,217.75,727.5,217.75,698.0,工厂直销
86.25,749.0,86.25,777.5,218.75,777.5,218.75,749.0,正品保证
301.25,716.0,301.25,740.5,316.25,740.5,316.25,716.0,7
290.25,747.0,289.75,755.0,327.25,756.5,327.25,747.0,Days
391.75,698.0,391.75,727.0,475.25,727.0,475.25,698.0,7天无
367.25,747.0,367.25,778.0,501.75,778.0,501.75,747.0,理由退货
644.75,748.0,644.75,779.5,779.25,779.5,779.25,748.0,保障服务
662.75,697.5,662.75,727.5,761.75,727.5,761.75,697.5,消费者
128.75,397.5,124.25,405.0,143.75,415.5,146.75,407.5,###
147.75,407.5,148.75,414.0,161.75,408.5,160.25,404.0,###
177.25,379.5,172.75,386.0,195.75,396.0,195.25,387.5,###
195.75,387.5,197.25,395.5,218.25,385.0,214.25,378.5,###
