96.31,46.77,96.31,88.62,266.77,88.62,266.77,46.77,COBOL
367.69,37.54,367.69,89.85,719.69,89.85,719.69,37.54,专柜正品直销
368.92,108.31,368.92,139.08,567.69,139.08,567.69,108.31,支持专柜验货
584.92,110.15,584.92,138.46,716.62,138.46,716.62,110.15,如假包换
149.23,165.54,149.23,239.38,216.92,239.38,216.92,165.54,授
333.23,493.54,333.23,526.15,459.38,526.15,459.38,493.54,COBOL
330.15,540.92,330.77,549.54,393.54,553.23,392.31,546.46,TakeRemarkable
396.62,545.85,397.23,553.23,463.08,548.31,463.69,540.31,RestorationEcet
359.69,556.31,358.46,561.85,437.23,561.85,436.62,556.92,AndInstantlyMake
344.31,563.69,344.31,570.46,391.69,572.92,392.92,568.62,SkinHealthy
396.0,566.77,395.38,574.15,449.54,571.69,449.54,563.69,AndBeautiful
319.69,589.54,319.08,597.54,339.38,601.23,338.77,594.46,Name
320.92,632.0,320.31,638.15,351.08,643.69,350.46,635.69,Actons
348.62,595.69,347.38,601.85,419.38,603.08,418.15,597.54,###
420.62,597.54,420.62,604.31,475.38,595.69,476.62,591.38,###
393.54,620.92,395.38,628.92,477.23,620.31,478.46,612.92,PLANTEXTRACTEDUQLOD
365.85,637.54,360.31,642.46,412.62,642.46,411.38,638.15,###
413.85,638.77,413.85,643.69,463.08,638.77,462.46,633.23,###
378.77,666.46,378.77,679.38,415.08,679.38,415.08,666.46,祛痘水
351.69,678.77,350.46,686.77,372.0,689.85,373.23,682.46,Acne
374.35,681.41,375.69,689.85,421.85,689.85,421.23,683.08,Eliminating
424.92,679.38,424.92,687.38,442.77,687.38,444.0,678.12,Fluid
338.77,694.15,340.0,702.15,378.15,705.23,378.77,697.23,净含量：120
44.0,728.62,44.0,788.92,298.77,788.92,298.77,728.62,顺丰包邮
373.23,689.23,373.23,788.31,576.92,788.31,576.92,689.23,豪礼
586.77,734.15,586.77,777.85,746.15,777.85,746.15,734.15,送不停
299.53,501.65,299.06,513.41,308.94,517.18,308.94,504.47,###
297.65,493.18,299.06,499.76,308.94,502.12,308.0,496.0,###
299.06,536.0,299.06,594.82,302.35,594.82,303.29,537.41,###
304.71,539.76,303.29,591.06,308.47,592.47,308.47,539.76,###
299.53,597.18,300.47,674.35,304.24,677.65,303.29,597.18,###
304.24,597.18,304.24,680.47,310.35,680.47,310.35,597.18,###
489.65,490.82,488.71,673.88,492.94,673.88,492.94,490.82,###
493.41,592.94,493.41,671.06,496.71,671.06,496.71,592.94,###
498.12,531.76,498.12,666.35,501.41,666.35,501.41,531.76,###
145.65,102.12,145.65,136.0,217.18,136.0,217.18,102.12,蔻波
