167.33,40.0,175.33,68.0,40.67,121.33,27.33,96.0,琪泽洗化家具
196.67,24.0,196.67,45.33,216.67,45.33,216.67,24.0,实
234.0,13.33,234.0,37.33,258.0,37.33,258.0,13.33,物
227.33,73.33,227.33,94.67,246.0,94.67,246.0,73.33,拍
263.33,61.33,263.33,88.0,284.67,88.0,284.67,61.33,摄
204.67,86.67,212.67,105.33,138.0,137.33,132.67,112.0,盗图必究
256.67,42.67,262.0,54.67,54.0,138.67,48.67,129.33,###
458.0,20.0,458.0,124.0,699.33,124.0,699.33,20.0,一瓶包邮
543.33,162.67,543.33,269.33,779.33,269.33,779.33,162.67,仓库实拍
327.33,618.67,327.33,626.67,354.0,626.67,354.0,618.67,###
327.33,610.67,327.33,620.0,370.0,620.0,370.0,610.67,###
451.33,522.67,451.33,534.67,416.67,537.33,416.67,522.67,有你
410.0,522.67,415.33,541.33,386.0,560.0,376.67,536.0,婴为
390.0,509.33,395.33,524.0,372.67,532.0,363.33,517.33,呵护
332.67,430.67,332.67,444.0,406.0,444.0,406.0,430.67,###
334.0,417.33,334.0,429.33,406.0,429.33,406.0,417.33,###
334.0,402.67,334.0,416.0,407.33,416.0,407.33,402.67,###
331.33,380.0,331.33,390.67,362.0,390.67,362.0,380.0,###
332.67,368.0,332.67,378.67,418.0,378.67,418.0,368.0,###
334.0,357.33,334.0,366.67,402.0,366.67,402.0,357.33,###
332.67,345.33,332.67,354.67,391.33,354.67,391.33,345.33,###
331.33,333.33,331.33,344.0,423.33,344.0,423.33,333.33,ThePurestCare
335.33,308.0,335.33,322.67,434.0,322.67,434.0,308.0,“贝婴”孕妇均衡保湿乳液
335.33,288.0,335.33,302.67,450.0,302.67,450.0,288.0,Sincerecare
335.33,272.0,335.33,282.67,416.67,282.67,416.67,272.0,###
338.0,218.67,338.0,249.33,458.0,249.33,458.0,218.67,BAIEYINE
355.33,201.33,355.33,216.0,436.67,216.0,436.67,201.33,###
48.67,720.0,48.67,794.67,347.33,794.67,347.33,720.0,收藏宝贝店铺
428.67,722.67,428.67,797.33,732.67,797.33,732.67,722.67,均有礼品相送
799.33,553.33,799.33,569.33,576.67,582.67,564.67,562.67,###
582.0,585.33,588.67,605.33,798.0,593.33,799.33,576.0,氨基酸滋养去屑
602.0,610.67,616.67,633.33,799.33,622.67,798.0,600.0,首乌柔顺修
75.33,633.33,70.0,657.33,43.33,660.0,51.33,632.0,###
28.67,634.67,14.0,662.67,2.0,664.0,2.0,634.67,###
356.67,518.67,367.33,536.0,340.67,553.33,323.33,537.33,贝加
