397.92,975.83,370.42,999.17,397.08,999.17,408.75,988.33,代购
601.02,960.0,609.89,972.95,731.25,887.73,723.07,872.73,秀女坊商行专柜代购
491.93,878.86,502.16,893.86,621.48,804.55,611.93,790.91,秀女坊商行专柜代购
268.98,879.55,279.2,895.23,400.57,805.91,390.34,789.55,秀女坊商行专柜代购
33.07,896.59,40.57,911.59,161.25,822.27,152.39,807.27,秀女坊商行专柜代购
11.93,410.45,11.93,454.77,134.66,454.77,134.66,410.45,盗图必究
163.98,409.77,163.98,452.05,436.7,452.05,436.7,409.77,秀女坊商行专柜代购
500.11,403.64,501.48,430.23,701.93,430.23,702.61,402.95,100%实物拍摄
458.52,443.18,458.52,457.5,736.7,457.5,736.7,443.18,http://xiunvfangshanghang.taobao.com/
608.52,462.27,616.02,475.23,669.2,436.36,655.57,424.09,专柜代购
327.61,502.5,336.48,520.23,456.48,429.55,446.93,420.0,秀女坊商行专柜代购
174.89,465.0,184.43,480.0,262.84,422.05,253.98,410.45,商行专柜代购
1.7,355.91,6.48,372.95,129.89,280.91,118.3,270.0,秀女坊商行专柜代购
612.61,291.82,620.8,308.18,741.48,218.18,731.25,205.23,秀女坊商行专柜代购
393.07,305.45,397.84,319.09,512.39,234.55,504.89,222.95,###
215.8,304.09,221.93,319.09,326.93,239.32,318.75,227.05,###
65.8,165.0,73.98,179.32,194.66,89.32,183.75,77.73,秀女坊商行专柜代购
252.61,165.68,257.39,184.09,378.75,96.14,371.25,80.45,秀女坊商行专柜代购
468.75,116.59,475.57,131.59,597.61,42.27,588.07,29.32,秀女坊商行专柜代购
668.52,97.5,677.39,111.82,748.98,55.23,748.3,38.86,秀女坊商行专
