129.38,155.25,138.38,174.75,207.38,127.5,196.13,108.75,25mm
586.13,50.25,590.63,77.25,649.88,70.5,647.63,41.25,品质
652.88,39.75,652.13,71.25,709.88,86.25,721.13,63.0,保证
573.38,96.0,573.38,114.75,721.13,114.75,721.13,96.0,100%Authentic
589.13,126.75,581.63,152.25,647.63,165.75,645.38,139.5,满意
652.88,138.75,649.88,165.75,713.63,156.0,710.63,125.25,服务
280.13,298.5,280.13,327.75,523.13,327.75,523.13,298.5,优信德电子直销部
217.88,297.0,217.88,345.0,264.38,345.0,264.38,297.0,誠
278.63,336.75,278.63,350.25,547.13,350.25,547.13,336.75,http://yoxde.taobao.com
214.13,355.5,214.13,369.0,252.38,369.0,252.38,355.5,100%
261.38,354.75,261.38,371.25,328.13,371.25,328.13,354.75,实物拍摄
337.88,355.5,337.88,370.5,402.38,370.5,402.38,355.5,盗图必究
170.63,442.5,170.63,464.25,212.63,464.25,212.63,442.5,M4
77.63,672.0,77.63,711.0,239.63,711.0,239.63,672.0,赛格认证
522.38,684.75,522.38,723.0,681.38,723.0,681.38,684.75,优选商家
620.63,63.0,620.63,62.25,620.63,62.25,620.63,63.0,###
