137.38,200.63,137.38,213.11,227.54,213.11,227.54,200.63,HERBALIFE
123.48,231.64,122.41,239.83,174.8,241.97,174.8,231.64,###
180.5,232.71,180.5,240.9,236.45,240.9,236.45,232.71,Prostate
123.48,245.53,123.48,253.73,173.73,256.23,173.73,247.67,Formula
124.19,263.35,123.84,267.63,144.15,270.48,143.44,265.49,###
146.29,265.49,147.36,270.84,190.48,271.55,190.48,267.63,###
124.55,270.48,124.55,275.83,155.2,279.75,155.91,275.11,###
125.62,279.03,126.33,284.02,147.36,287.94,147.36,282.24,###
150.56,282.95,149.85,287.59,173.73,287.94,173.73,283.67,###
125.26,322.87,126.69,332.84,162.68,334.63,162.32,332.13,###
36.17,294.36,36.17,318.95,92.12,318.95,92.12,294.36,正品
35.81,322.51,35.81,350.31,97.82,350.31,97.82,322.51,保证
110.29,341.75,110.29,379.88,391.11,379.88,391.11,341.75,支持一件批发
245.36,200.28,245.36,209.19,249.63,209.19,249.63,200.28,S
251.41,202.41,251.41,209.9,256.05,209.9,256.05,202.41,###
