87.64,515.64,87.64,545.45,716.0,545.45,716.0,515.64,TekcellSB-AA023.6V1/2AA电池替代LS14250
545.09,399.27,545.09,445.82,740.0,445.82,740.0,399.27,盗图必究
413.45,447.27,417.09,460.36,361.82,464.0,363.27,450.91,V2AA
348.0,437.82,348.73,450.18,316.73,453.82,315.27,441.45,SIZE
471.64,400.73,473.82,411.64,287.64,429.09,286.18,416.73,###
462.91,349.09,464.36,389.82,282.55,400.73,282.55,363.64,Tekcell
382.91,333.82,382.91,345.45,281.82,354.91,284.0,343.27,SB-AA023.6V
545.82,221.82,557.45,258.18,304.36,331.64,292.73,289.45,爱好电子888
226.55,130.18,226.55,137.45,326.18,137.45,326.18,130.18,VITZBOCELLCo..ltd.
225.82,154.18,225.82,185.45,270.18,185.45,270.18,154.18,###
333.45,149.09,333.45,189.09,345.09,189.09,345.09,149.09,L
231.64,104.0,231.64,112.0,355.27,112.0,355.27,104.0,BatteriesPromptly.
237.45,98.91,237.45,103.27,396.0,103.27,396.0,98.91,###
183.64,121.45,183.64,134.55,199.64,134.55,199.64,121.45,+
389.45,122.18,389.45,128.73,407.64,128.73,407.64,122.18,-
772.73,16.0,772.73,69.82,320.36,69.82,320.36,16.0,100%原装进口电池
228.0,118.55,228.0,125.82,319.64,125.82,319.64,118.55,MADEINKOREA
