364.72,408.89,364.72,440.0,493.06,440.0,493.06,408.89,搭配购买
313.61,446.67,313.61,496.67,448.06,496.67,448.06,446.67,免运费
257.5,79.44,257.5,117.22,493.06,117.22,493.06,79.44,所有型号通用版
146.94,38.33,146.94,47.22,165.28,47.22,165.28,38.33,C20
148.06,29.44,148.06,36.11,166.94,36.11,166.94,29.44,###
135.83,159.44,136.94,167.78,174.17,166.67,174.17,159.44,Probecowers
136.94,170.56,136.39,179.44,219.17,177.22,218.61,170.0,Pontasdeproteododosonde
134.72,182.78,134.72,190.0,195.83,190.0,193.61,182.22,Fundtsperasondss
135.28,194.44,135.28,202.22,196.39,200.56,196.39,193.33,Capuchonsdesonde
133.61,206.67,133.61,213.89,176.39,213.89,176.39,206.67,Sehufzappen
133.06,218.89,133.06,225.0,171.39,225.0,171.39,218.89,Sehutzkaples
133.06,230.56,133.06,237.22,165.83,236.67,166.94,230.56,Sondskyod
132.5,242.78,132.5,249.44,196.39,249.44,196.39,242.78,###
131.94,258.89,131.94,273.33,166.39,273.33,166.39,258.89,200X
133.06,292.22,133.06,307.22,204.17,307.22,204.17,292.22,WelchAIlyn
149.72,319.44,149.72,321.67,193.61,321.67,193.61,319.44,###
151.39,323.33,151.39,325.56,170.83,325.56,170.83,323.33,###
149.72,329.44,149.72,332.22,207.5,332.22,207.5,329.44,###
149.72,333.33,149.72,335.0,169.72,335.0,169.72,333.33,###
150.83,338.89,150.83,342.22,192.5,342.22,192.5,338.89,###
149.72,343.89,149.72,346.11,175.83,346.11,175.83,343.89,###
148.61,349.44,148.61,352.22,210.28,352.22,210.28,349.44,###
150.28,353.89,150.28,356.11,170.83,356.11,170.83,353.89,###
149.72,360.0,149.72,363.33,187.5,363.33,187.5,360.0,###
149.17,363.89,149.17,367.22,169.72,367.22,169.72,363.89,###
149.72,370.0,149.72,373.33,210.28,373.33,210.28,370.0,###
149.17,375.0,149.17,377.22,175.83,377.22,175.83,375.0,###
148.06,380.56,148.61,385.0,190.28,385.0,190.28,380.56,###
148.06,385.0,148.06,388.33,171.39,388.33,171.39,385.0,###
147.5,392.22,147.5,395.0,215.83,393.89,216.39,390.56,###
148.06,396.11,148.06,400.0,179.17,400.0,179.17,396.11,###
184.72,412.22,184.72,417.78,205.28,417.78,205.28,412.22,###
175.28,418.89,175.28,426.67,213.06,426.67,213.06,418.89,###
178.06,428.89,178.06,435.56,209.72,435.56,209.72,428.89,###
180.28,437.22,180.28,441.67,208.06,441.67,208.06,437.22,###
184.17,444.44,184.17,449.44,204.72,449.44,204.72,444.44,###
171.39,463.89,171.39,470.0,183.61,470.0,183.61,463.89,###
183.61,462.22,183.61,468.89,214.17,468.89,214.17,462.22,###
298.06,348.89,298.06,371.67,305.83,371.67,305.83,348.89,20X
365.28,292.78,365.28,315.0,372.5,315.0,370.28,298.89,20X
304.72,147.22,308.61,155.0,321.39,147.22,319.17,141.11,###
333.06,163.33,333.06,166.67,340.83,161.11,339.17,158.89,###
333.06,162.22,331.94,159.44,343.06,152.78,341.94,157.22,###
330.83,159.44,330.83,156.11,340.28,153.33,338.61,156.67,###
329.17,155.56,328.61,152.78,340.83,148.33,339.17,151.11,###
328.06,151.67,327.5,151.11,339.17,144.44,339.17,151.67,###
326.94,148.89,325.28,146.11,341.94,140.0,343.61,142.22,###
320.83,136.67,321.39,140.56,331.39,134.44,330.28,132.22,###
322.5,144.44,325.28,141.67,332.5,138.89,331.39,142.22,###
335.83,132.78,334.17,137.78,321.94,142.22,322.5,141.11,###
266.94,181.67,268.06,178.33,282.5,168.89,284.17,171.67,###
265.28,178.33,263.61,174.44,275.28,167.78,274.72,171.67,###
298.61,159.44,296.94,158.33,306.39,152.78,306.39,154.44,###
295.28,155.56,295.83,152.78,304.17,147.78,303.61,153.33,###
304.17,182.22,301.94,180.56,329.17,162.22,332.5,166.11,###
307.5,186.11,306.39,182.22,331.39,168.89,332.5,170.56,###
282.5,202.78,281.94,201.11,300.83,186.67,302.5,190.0,###
280.83,198.33,280.28,195.56,293.61,189.44,292.5,193.33,###
366.39,277.22,366.39,291.67,369.72,291.67,369.72,277.22,###
370.83,274.44,370.83,293.89,373.61,293.89,373.61,274.44,###
364.17,230.0,364.17,256.11,366.94,256.11,366.94,230.0,###
368.61,230.56,368.61,246.67,372.5,246.67,372.5,230.56,###
340.28,233.89,340.28,268.89,344.17,268.89,344.17,233.89,###
344.72,233.33,344.72,252.78,348.61,252.78,348.61,233.33,###
341.94,270.0,341.94,311.11,345.28,311.11,345.28,270.0,###
346.94,270.56,346.94,313.33,349.72,313.33,349.72,270.56,###
343.06,316.11,343.06,328.89,346.94,328.89,346.94,316.11,###
347.5,316.11,347.5,335.0,351.39,335.0,351.39,316.11,###
351.94,317.22,351.94,334.44,356.39,334.44,356.39,317.22,###
356.94,317.22,356.94,343.33,361.39,343.33,361.39,317.22,###
361.94,317.78,361.94,343.33,365.83,343.33,365.83,317.78,###
366.94,318.33,366.94,343.33,370.28,343.33,370.28,318.33,###
371.94,317.78,371.94,335.0,373.61,335.0,373.61,317.78,###
272.5,328.33,272.5,370.56,278.06,370.56,276.39,328.89,###
277.5,327.78,277.5,372.22,281.94,372.22,281.94,327.78,###
271.39,289.44,271.39,325.56,275.83,325.56,275.83,289.44,###
276.94,288.33,276.94,306.67,279.72,306.67,279.72,288.33,###
298.61,330.0,298.61,345.56,301.94,345.56,301.94,330.0,###
303.61,329.44,303.61,346.67,306.94,346.67,306.94,329.44,###
295.28,282.78,295.28,307.78,299.17,307.78,299.17,282.78,###
300.28,284.44,300.28,298.89,303.61,298.89,303.61,284.44,###
276.94,376.11,276.94,390.0,280.83,390.0,280.83,376.11,###
282.5,375.56,282.5,393.89,286.39,393.89,286.39,375.56,###
288.06,375.0,288.06,393.89,291.94,393.89,292.5,375.56,###
293.06,376.11,293.06,403.89,295.28,403.89,295.28,378.33,###
295.28,375.56,295.28,403.89,298.06,403.89,298.06,375.56,###
298.61,376.67,298.61,400.56,304.17,400.56,302.5,377.22,###
303.06,377.22,303.06,395.56,306.39,395.56,306.39,377.22,###
19.72,6.67,19.72,72.78,480.28,72.78,480.28,6.67,博朗耳温枪耳套
