266.22,24.0,266.22,88.89,532.0,88.89,532.0,24.0,澳洲盒子
326.67,437.33,326.67,464.89,444.33,463.33,445.0,437.33,bioisland
308.89,469.33,308.89,495.11,461.78,495.11,461.78,469.33,COD LIVER +
332.0,496.0,332.0,519.11,437.78,519.11,437.78,496.0,FISH OIL
464.44,504.89,464.44,520.0,479.56,520.0,479.56,504.89,4
294.67,551.11,292.89,562.67,378.22,574.22,378.22,566.22,FISH-shaoed caosuies
295.56,541.33,296.44,552.0,355.11,560.89,355.11,550.22,###
297.0,529.33,294.67,539.56,418.33,560.0,421.67,540.67,DHA&EPA Omeqa-3 Fatty Acids
303.67,584.0,304.44,599.11,468.33,608.0,468.33,586.67,90 SOFTGEL CAPSULES?AUSTL 167081
498.22,408.0,498.22,584.0,504.44,584.0,504.44,408.0,###
505.33,413.33,505.33,580.44,511.56,580.44,511.56,413.33,###
513.33,404.44,513.33,577.78,516.89,577.78,516.89,404.44,###
518.67,400.0,518.67,577.78,524.0,577.78,524.0,400.0,###
268.89,403.56,268.89,577.78,279.56,577.78,279.56,403.56,###
252.89,411.56,254.67,549.33,263.56,546.67,263.56,411.56,###
263.56,410.67,263.56,550.22,269.78,550.22,269.78,410.67,###
40.44,703.11,40.44,780.44,371.11,780.44,371.11,703.11,直邮现货
421.78,705.78,421.78,781.33,748.0,781.33,748.0,705.78,原装正品
464.33,522.0,464.33,528.67,479.0,528.67,479.0,522.0,###
461.0,498.0,461.0,504.0,466.33,504.0,466.33,498.0,###
467.67,494.0,467.67,499.33,471.67,499.33,471.67,494.0,###
473.67,492.67,473.67,498.0,479.67,498.0,479.67,492.67,###
455.67,502.0,455.67,508.0,461.67,508.0,461.67,502.0,###
453.0,507.33,453.0,514.0,459.67,514.0,459.67,507.33,###
451.67,514.67,451.67,519.33,457.67,519.33,457.67,514.67,###
453.67,522.0,453.67,528.67,458.33,528.67,458.33,522.0,###
460.33,532.67,460.33,526.67,455.0,526.67,455.0,532.67,###
459.67,536.67,459.67,530.0,465.0,530.0,465.0,536.67,###
465.67,538.0,465.67,532.0,472.33,532.0,472.33,538.0,###
479.67,532.0,479.67,524.67,483.67,524.67,483.67,532.0,###
488.33,526.0,488.33,523.33,483.67,523.33,483.67,526.0,###
485.67,509.33,485.67,516.67,491.0,516.67,491.0,509.33,###
483.67,500.67,483.67,507.33,489.67,507.33,489.67,500.67,###
480.33,495.33,480.33,502.67,486.33,502.67,486.33,495.33,###
475.0,530.0,475.0,536.0,479.67,536.0,479.67,530.0,###
483.67,516.67,483.67,522.0,489.67,522.0,489.67,516.67,###
457.0,577.33,455.67,572.0,487.0,568.67,486.33,573.33,###
