11.48,700.65,11.48,787.05,370.58,787.05,370.58,700.65,荆州思创
402.98,714.15,402.98,774.9,782.33,774.9,782.33,714.15,硅胶KN90级别
586.58,116.1,586.58,133.65,606.83,133.65,606.83,116.1,思
644.63,118.8,644.63,135.0,664.88,133.65,663.53,118.8,创
698.63,117.45,698.63,135.0,718.88,136.35,717.53,117.45,科
775.58,135.0,775.58,117.45,752.63,117.45,752.63,135.0,技
759.38,20.25,759.38,36.45,775.58,36.45,775.58,20.25,R
-0.68,136.35,34.43,172.8,186.98,21.6,134.33,5.4,假一赔十
186.98,514.35,212.63,546.75,591.98,249.75,569.03,229.5,http：//8539.taobao.com
247.73,526.5,280.13,561.6,597.38,314.55,569.03,278.1,临沂义胜商贸大全
392.18,419.85,390.83,430.65,438.08,421.2,436.73,409.05,###
400.28,446.85,402.98,472.5,443.48,467.1,432.68,442.8,LA
398.93,503.55,400.28,513.0,467.78,499.5,467.78,490.05,06-42-201001
758.03,60.75,762.08,79.65,675.68,99.9,666.23,85.05,TRONG
672.98,56.7,672.98,75.6,720.23,74.25,720.23,56.7,思创
