17.91,53.11,17.91,96.33,369.88,96.33,369.88,53.11,水+乳液+洁面三件套
26.55,8.65,26.55,37.05,363.71,37.05,363.71,8.65,INGLEMIRFPHARM'S
20.38,617.5,20.38,663.2,479.8,663.2,479.8,617.5,招代理+V信444519811
210.57,684.19,210.57,729.89,418.66,732.53,417.61,683.84,批发5个起
221.68,274.17,213.04,290.23,292.08,338.39,299.49,326.04,###
282.2,390.26,278.49,403.85,372.35,432.25,376.06,418.67,INGLEMIRFPHARM'S
348.89,431.02,348.89,438.43,366.18,443.37,367.41,435.96,###
434.1,380.38,432.87,396.44,561.31,387.79,560.07,374.21,INGLEMIRFPHARM'S
558.84,396.44,558.84,403.85,536.61,405.08,536.61,397.67,###
440.28,463.13,440.28,475.48,477.33,475.48,477.33,466.83,###
479.8,468.07,479.8,475.48,500.79,475.48,500.79,468.07,###
542.78,476.71,545.25,486.59,488.44,491.53,490.91,480.42,###
442.75,477.95,445.22,485.36,489.68,489.06,485.97,480.42,###
442.75,490.3,443.98,497.71,460.04,500.18,462.51,494.0,###
443.98,502.65,446.45,513.76,499.56,517.47,498.32,508.82,###
550.19,527.35,550.19,534.75,477.33,538.46,479.8,528.58,###
450.16,524.88,450.16,532.29,474.86,535.99,476.09,528.58,###
446.45,540.93,446.45,550.81,452.63,550.81,452.63,540.93,###
453.86,543.4,455.1,555.75,504.5,559.46,500.79,549.58,###
504.5,549.58,508.2,559.46,560.07,554.52,561.31,545.87,###
453.86,564.4,455.1,573.04,482.27,577.98,482.27,569.34,###
483.5,569.34,483.5,579.22,530.43,579.22,530.43,569.34,###
558.84,581.69,558.84,591.57,529.2,594.04,531.67,585.39,###
473.62,584.16,473.62,595.27,529.2,595.27,529.2,587.86,###
455.1,581.69,455.1,591.57,471.15,591.57,471.15,581.69,###
263.67,568.1,262.44,574.28,304.43,587.86,305.66,579.22,###
235.27,550.81,235.27,558.22,261.2,573.04,266.14,568.1,###
240.21,534.75,238.97,544.63,266.14,561.93,273.55,556.99,###
245.15,517.47,241.44,528.58,272.32,547.11,274.79,539.7,###
279.73,537.23,277.26,548.34,305.66,555.75,309.37,549.58,###
310.6,547.11,308.13,556.99,329.13,559.46,330.36,553.28,###
250.09,503.88,247.62,513.76,287.14,532.29,289.61,526.11,###
293.31,526.11,295.78,535.99,334.07,544.63,334.07,534.75,###
252.56,486.59,252.56,496.47,276.02,508.82,277.26,503.88,###
279.73,500.18,278.49,512.53,325.42,527.35,329.13,516.23,###
257.5,464.36,257.5,474.24,288.37,490.3,289.61,484.12,###
295.78,484.12,293.31,491.53,326.66,503.88,327.89,495.24,###
261.2,456.95,261.2,464.36,280.96,474.24,282.2,468.07,###
284.67,468.07,283.43,475.48,299.49,480.42,301.96,474.24,###
159.93,237.12,157.46,244.53,178.46,259.35,185.87,253.18,###
143.88,263.06,141.41,269.23,164.87,285.29,168.58,280.35,###
136.47,275.41,135.23,282.81,156.23,297.64,161.17,291.46,###
119.18,297.64,117.94,307.52,137.7,324.81,143.88,317.4,###
111.77,309.99,110.53,317.4,130.29,334.69,137.7,330.98,###
104.36,323.57,104.36,332.22,122.88,348.27,130.29,344.57,###
88.3,347.04,85.83,353.21,106.83,371.74,111.77,369.27,###
79.66,360.62,78.42,365.56,88.3,376.68,94.48,372.97,###
168.58,355.68,164.87,364.33,230.33,397.67,236.5,392.73,###
159.93,369.27,154.99,377.91,240.21,417.43,243.91,411.26,###
151.29,381.62,150.05,389.03,210.57,419.9,216.74,412.49,###
153.76,398.91,150.05,411.26,224.15,440.9,226.62,431.02,###
142.64,417.43,138.94,428.55,209.33,455.72,211.8,449.54,###
131.53,435.96,126.59,447.07,174.75,466.83,175.99,458.19,###
178.46,454.48,174.75,468.07,203.16,474.24,208.1,466.83,###
116.71,453.25,114.24,465.6,150.05,481.65,156.23,473.01,###
189.57,481.65,185.87,487.83,150.05,481.65,152.52,474.24,###
437.72,681.72,437.72,730.41,709.77,730.41,709.77,681.72,支持一件代发
