46.88,133.75,46.88,52.5,940.63,52.5,940.63,133.75,韩国AHC玻尿酸水光面膜
353.13,552.5,353.13,526.25,440.63,526.25,440.63,552.5,HYDRA
0.63,982.5,0.63,898.75,996.88,898.75,996.88,982.5,全店面膜任意搭配十片包邮
784.38,848.75,784.38,828.75,981.88,828.75,981.88,848.75,wechat:391992321
769.38,822.5,769.38,792.5,999.38,792.5,999.38,822.5,熙少爷韩国正品店
669.38,773.75,668.13,757.5,801.88,765.0,801.88,777.5,VITALMEDICA
328.13,785.0,330.63,767.5,456.88,757.5,459.38,776.25,VITALMEDICA
703.13,733.75,703.13,730.0,770.63,731.25,770.63,737.5,###
362.19,740.63,362.81,731.25,430.31,728.75,429.69,734.38,###
383.44,721.25,381.56,730.0,417.19,726.88,418.44,716.25,A.H.C
722.19,728.13,722.19,716.88,760.94,716.88,760.94,728.13,A.H.C
697.81,673.75,697.81,663.13,779.06,667.5,779.06,676.25,Enrichedsystem
354.69,678.13,354.06,668.13,435.94,665.63,435.94,673.75,Enrichedsystem
685.94,656.88,686.56,645.63,794.69,651.25,795.31,660.63,Hydravitalcomplex
340.31,662.5,338.44,651.25,451.56,645.63,449.69,656.88,Hydravitalcomplex
327.81,638.75,327.19,625.63,460.94,619.38,461.56,631.88,-SoothingEnhancer-
675.31,630.63,674.69,618.75,809.06,626.88,809.06,635.63,-SoothingEnhancer-
294.06,584.38,297.81,560.63,491.56,553.13,493.44,575.0,SOOTHERMASK
645.31,582.5,649.69,558.13,841.56,568.13,842.19,589.38,SOOTHERMASK
699.06,558.13,700.31,534.38,786.56,540.63,787.81,561.25,HYDRA
