335.78,41.6,335.78,32.11,381.9,32.11,381.9,41.6,FireFox
190.61,58.79,190.61,30.75,275.63,30.75,275.63,58.79,威特仕
188.8,90.44,188.8,66.93,394.56,66.93,394.56,90.44,金黄色长袖连体围裙
190.16,111.7,190.16,97.23,390.04,97.23,390.04,111.7,你需要一款能够阻燃的焊护装备
248.04,152.85,248.04,141.55,319.5,141.55,319.5,152.85,·焊接作业必备
247.59,170.04,247.59,158.73,286.03,158.73,286.03,170.04,·耐高温
248.04,199.43,248.04,192.19,350.25,192.19,350.25,199.43,###
247.14,211.19,247.14,204.4,333.97,204.4,333.97,211.19,###
13.79,265.0,13.79,236.51,399.54,236.51,399.54,265.0,天地伟业智能化系统有限公司
134.08,100.39,134.54,94.06,152.17,96.78,151.72,102.2,###
