65.2,7.56,90.41,33.39,32.45,90.09,6.62,64.26,包邮
283.81,38.43,288.86,70.56,223.34,82.53,217.66,49.14,热卖
280.67,79.38,283.81,98.28,242.24,105.21,240.97,85.68,正品
440.06,4.41,389.66,54.18,447.62,107.73,503.69,49.14,抢
244.13,211.68,244.13,231.84,124.42,231.84,124.42,211.68,###
123.17,265.23,123.17,294.84,232.16,294.84,232.16,265.23,金椹粉
123.8,299.88,123.8,319.41,313.43,319.41,312.8,302.4,###
125.06,324.45,125.06,338.94,240.34,338.94,239.72,325.08,净含量：30克（1克×30袋）
172.94,359.73,172.31,368.55,355.0,372.96,354.38,364.14,吉林省美罗国际生物集团有限公司
173.56,369.81,173.56,375.48,355.63,379.26,356.26,373.59,###
63.95,410.76,63.95,430.29,432.5,430.29,432.5,410.76,厂家进货，品质保证，买的放心，用的安心
41.9,448.56,41.9,495.81,174.19,495.81,174.19,448.56,100%
176.09,462.42,176.09,495.81,324.76,495.81,324.76,462.42,正品保证
390.29,20.79,391.55,32.13,292.63,93.24,292.63,80.01,taobao.com
465.25,73.71,466.51,83.16,430.61,88.2,430.61,73.71,com
428.08,78.75,430.61,87.57,368.87,114.03,367.61,102.06,taobao.
363.82,102.06,365.71,115.92,290.75,163.17,292.63,147.42,4671266.
286.96,155.61,290.12,167.58,223.34,220.5,224.59,204.12,//shop3
222.07,209.16,223.34,223.02,175.46,253.89,175.46,241.29,https:
170.41,243.18,169.78,260.19,101.11,300.51,101.75,284.76,高血糖药
204.44,152.46,205.06,165.06,149.0,205.38,152.15,188.37,//shop
149.0,193.41,148.37,204.75,100.48,228.06,101.11,217.35,https：
96.08,217.35,96.08,233.73,60.8,245.07,62.05,228.06,糖药
60.8,228.69,58.91,244.44,26.14,250.11,26.14,233.1,高血
428.08,148.68,428.71,159.39,389.02,172.62,388.39,161.91,.com
386.5,163.8,388.39,173.25,325.39,209.79,324.76,198.45,.taobao
323.5,198.45,326.66,210.42,254.21,262.71,253.57,249.48,4671266
251.06,253.89,252.94,267.75,201.28,304.29,200.66,292.95,//shop3
198.77,296.1,196.88,312.48,138.91,348.39,138.91,338.31,https:
133.25,339.57,132.62,356.58,65.2,384.3,65.83,369.18,高血糖药
289.49,292.95,292.0,304.92,217.03,364.14,216.41,350.28,4671266.
213.88,352.8,213.25,367.29,149.63,415.17,150.88,400.68,//shop3
147.74,403.2,147.1,415.8,101.11,439.74,101.11,427.77,https:
92.92,426.51,95.45,444.15,59.54,454.23,60.8,439.11,糖药
58.27,439.11,58.91,454.86,26.14,459.9,27.41,442.26,高血
389.02,230.58,391.55,242.55,293.26,303.66,292.0,290.43,taobao.com
289.49,84.42,292.0,97.65,206.96,160.65,205.06,146.79,34671266.
