201.07,51.2,201.07,72.53,416.53,72.53,416.53,51.2,Homecleanairclear
255.47,180.27,255.47,200.53,365.33,200.53,365.33,180.27,健康带回家
95.47,77.87,95.47,138.67,530.67,138.67,530.67,77.87,家洁空气清新剂
216.0,148.27,216.0,169.6,298.13,169.6,298.13,148.27,芳香除臭
329.07,150.4,329.07,170.67,410.13,170.67,410.13,150.4,分解异味
25.07,304.0,25.07,327.47,66.67,326.4,68.8,304.0,450
17.6,342.4,17.6,368.0,171.2,368.0,171.2,342.4,五种味道可选
265.07,552.53,265.07,570.67,312.0,570.67,312.0,552.53,###
181.87,541.87,181.87,561.07,225.6,561.07,225.6,541.87,###
212.8,428.8,216.0,444.8,177.6,457.6,176.53,440.53,芳香除臭
255.47,416.0,258.67,428.8,222.4,439.47,222.4,425.6,分解异
301.33,433.07,306.67,450.13,261.87,461.87,257.6,448.0,芳香除臭
353.6,417.07,356.8,434.13,313.07,449.07,310.93,430.93,分解异味
386.67,428.8,387.73,443.73,364.27,449.07,365.33,436.27,除臭
435.73,409.6,437.87,426.67,395.2,441.6,393.07,427.73,分解异味
394.13,541.87,394.13,560.0,364.27,560.0,364.27,541.87,###
436.8,378.67,438.93,391.47,387.73,408.53,386.67,394.67,###
353.6,382.93,354.67,400.0,307.73,414.93,309.87,400.0,###
428.27,333.87,430.4,373.33,366.4,398.93,363.2,354.13,家洁
349.33,338.13,349.33,378.67,280.0,405.33,280.0,358.4,家洁
258.67,381.87,259.73,396.8,218.13,407.47,218.13,392.53,###
254.4,334.93,255.47,377.6,193.6,398.93,188.27,360.53,家洁
397.33,310.4,397.33,321.07,441.07,321.07,441.07,310.4,###
366.4,298.67,366.4,310.4,388.8,310.4,388.8,298.67,###
258.67,306.13,258.67,314.67,304.53,311.47,304.53,302.93,###
319.47,313.6,319.47,323.2,358.93,326.4,360.0,317.87,###
227.73,308.27,227.73,320.0,254.4,320.0,254.4,308.27,###
173.33,300.8,175.47,310.4,217.07,309.33,217.07,298.67,###
352.53,596.27,353.6,604.8,302.4,608.0,304.53,598.4,净含量：450ml
436.8,581.33,436.8,590.93,388.8,597.33,388.8,587.73,净含量：450ml
217.07,583.47,217.07,594.13,258.67,594.13,258.67,583.47,净含量：450
70.93,312.53,68.8,326.4,136.0,326.4,138.13,312.53,ml大容量
