34.42,74.67,34.42,144.67,174.42,144.67,174.42,74.67,包邮
119.58,281.17,119.58,309.17,191.92,309.17,191.92,281.17,###
141.75,273.0,141.75,283.5,169.75,283.5,169.75,273.0,###
119.58,407.17,119.58,418.83,196.58,418.83,196.58,407.17,KIMWOOHUN
121.92,425.83,121.92,436.33,198.92,436.33,198.92,425.83,###
133.58,437.5,133.58,445.67,188.42,445.67,188.42,437.5,###
137.08,446.83,137.08,455.0,182.58,455.0,182.58,446.83,###
133.58,498.17,133.58,508.67,191.92,508.67,191.92,498.17,###
261.92,269.5,261.92,291.67,323.75,291.67,323.75,269.5,###
253.75,297.5,253.75,309.17,328.42,309.17,328.42,297.5,KIMWOOHUN
256.08,317.33,256.08,327.83,327.25,327.83,327.25,317.33,###
320.25,329.0,320.25,337.17,261.92,337.17,261.92,329.0,###
314.42,338.33,314.42,346.5,266.58,346.5,266.58,338.33,###
428.75,212.33,428.75,231.0,483.58,231.0,483.58,212.33,金雨轩
385.58,231.0,384.42,280.0,518.58,284.67,522.08,233.33,###
363.42,306.83,359.92,340.67,526.75,353.5,530.25,318.5,特许加盟店
340.08,340.67,336.58,361.67,585.08,382.67,587.42,362.83,THORIZELICENSED
357.58,409.5,357.58,422.33,489.42,437.5,490.58,425.83,韩国金雨轩国际美容集团公司
495.25,434.0,494.08,448.0,512.75,451.5,513.92,437.5,授权
357.58,427.0,356.42,437.5,485.92,455.0,489.42,442.17,###
294.58,430.5,294.58,470.17,434.58,470.17,434.58,430.5,群英会2
191.92,474.83,191.92,512.17,354.08,512.17,354.08,474.83,实物拍摄
373.92,474.83,373.92,511.0,537.25,511.0,537.25,474.83,盗用必究
13.42,628.83,13.42,684.83,387.92,684.83,387.92,628.83,金雨轩专卖店
429.92,632.33,429.92,683.67,679.58,683.67,679.58,632.33,正品保证
149.19,321.13,149.19,338.63,162.31,339.5,162.31,322.0,###
