288.8,1136.0,288.8,1164.8,368.53,1158.4,367.2,1132.8,30ml
381.6,1126.4,378.4,1152.0,434.4,1152.0,436.0,1123.2,NET
477.6,1097.6,519.2,1136.0,532.0,1121.6,486.93,1079.47,TREA
530.67,1111.47,533.6,1136.0,595.73,1101.87,581.87,1088.0,TMEN
57.07,97.07,57.07,114.13,98.67,114.13,98.67,97.07,小西瓜
58.13,124.8,57.07,113.07,111.47,113.07,111.47,126.93,澳洲代购
239.47,75.73,239.47,19.2,678.93,19.2,678.93,75.73,小西瓜100%悉尼
150.93,165.33,150.93,92.8,777.07,92.8,777.07,165.33,超市药房亲自采购
853.87,39.47,848.53,52.27,906.13,71.47,909.33,57.6,实物拍摄
798.4,43.73,794.13,62.93,937.07,117.33,942.4,98.13,小西瓜澳洲代购
780.27,58.67,777.07,71.47,945.6,134.4,947.73,123.73,###
228.8,336.0,223.47,286.93,600.0,282.67,601.07,326.4,PHARMACYMEDICINE
229.87,361.6,232.0,338.13,603.2,330.67,603.2,352.0,KEEPOUTOFREACHOFCHILDREN
235.2,371.2,277.87,1019.73,346.13,1024.0,346.13,401.07,Daktarin
372.8,572.8,373.87,533.33,608.53,519.47,606.4,561.07,TINCTURE
451.73,620.8,453.87,595.2,609.6,587.73,608.53,612.27,LIQUIDFOR
427.2,656.0,430.4,629.33,612.8,618.67,610.67,644.27,FUNGALNAIL
452.8,685.87,453.87,662.4,612.8,653.87,610.67,676.27,INFECTIONS
416.53,733.87,418.67,715.73,614.93,702.93,613.87,723.2,miconazole20mg/ml
670.4,525.87,670.4,462.93,928.53,462.93,928.53,525.87,亲自采发
673.6,589.87,673.6,529.07,925.33,529.07,925.33,589.87,悉尼报纸
684.27,806.4,684.27,732.8,933.87,732.8,933.87,806.4,空运包邮
580.8,932.27,580.8,857.6,912.53,857.6,912.53,932.27,灰指甲水
590.4,1024.0,589.33,961.07,814.4,961.07,814.4,1032.53,不伤手
574.4,1226.67,574.4,1175.47,718.4,1175.47,718.4,1226.67,30ml
383.47,772.27,384.53,753.07,613.87,734.93,613.87,754.13,FOREXTERNALUSEONLY
492.27,797.87,493.33,778.67,617.07,769.07,616.0,787.2,AUSTR13289
498.67,1088.0,497.6,1072.0,580.8,1065.6,580.8,1076.27,SPECTRUM
498.67,1070.93,495.47,1047.47,580.8,1038.93,580.8,1059.2,BROAD
469.87,1049.6,485.87,1064.53,529.6,1016.53,523.2,995.2,ANTIF
529.6,1016.53,533.87,992.0,601.07,1027.2,594.67,1050.67,UNGAL
340.8,1028.27,340.8,1040.0,353.6,1040.0,353.6,1028.27,R
477.33,1067.73,477.33,1079.47,485.87,1079.47,485.87,1067.73,.
582.93,1070.93,582.93,1093.33,592.53,1088.0,600.0,1080.53,T
588.27,1056.0,588.27,1066.67,601.07,1066.67,601.07,1056.0,.
585.07,1053.87,595.73,1136.0,819.73,1136.0,819.73,1068.8,不复发
