134.89,374.67,134.89,388.89,173.11,388.89,173.11,374.67,Matt
178.0,374.67,178.0,388.0,270.44,388.0,270.44,374.67,Kloskowski
146.89,237.33,157.11,266.67,274.0,222.22,261.56,192.0,快速发货
10.89,230.67,18.89,254.22,224.67,178.22,212.22,148.0,kindle高原原版
228.22,144.44,241.11,170.67,363.78,115.11,357.11,95.11,可转换PDF
74.89,223.11,74.89,222.67,74.89,222.67,74.89,223.11,###
86.44,146.22,86.44,162.67,140.67,162.67,140.67,146.22,AND
156.22,147.11,156.22,162.67,313.11,162.67,313.11,147.11,###
171.33,127.56,171.33,143.56,299.33,143.56,299.33,127.56,###
80.67,127.56,80.67,144.0,158.0,144.0,158.0,127.56,USING
76.67,85.33,76.67,119.56,324.67,119.56,324.67,85.33,WORKFLOW
78.44,55.56,78.44,81.33,323.78,81.33,323.78,55.56,PHOTOGRAPHY
77.11,8.44,77.11,40.0,324.67,40.0,324.67,8.44,LANDSCAPE
