266.88,642.5,266.88,662.5,374.38,662.5,374.38,642.5,1000ml毫升
408.13,631.25,408.13,640.0,436.88,640.0,436.88,631.25,###
406.88,642.5,406.88,650.0,438.13,650.0,438.13,642.5,###
263.13,605.0,263.13,618.75,345.63,618.75,345.63,605.0,###
351.88,602.5,351.88,616.25,426.88,616.25,426.88,602.5,###
261.88,590.0,261.88,607.5,335.63,607.5,335.63,590.0,.温和家庭配方
271.25,571.25,271.25,585.0,421.25,585.0,421.25,571.25,Baby′sSkinSoftandCuddly
260.0,558.75,260.0,571.25,435.0,571.25,435.0,558.75,.AGentleFormulatokeepYour
261.25,545.0,261.25,556.25,433.75,556.25,433.75,545.0,.MildandGentlefortheFamily
13.75,631.25,13.75,727.5,733.75,727.5,733.75,631.25,昕昕香港站100%正品代购
406.25,316.25,406.25,361.25,638.75,361.25,638.75,316.25,昕昕香港站
348.75,343.75,348.75,343.75,347.5,343.75,347.5,343.75,###
256.25,333.75,256.25,356.25,403.75,356.25,403.75,333.75,嬰兒溫和沐浴露
253.75,305.0,253.75,330.0,391.25,330.0,391.25,305.0,BabyBath
252.5,280.0,252.5,306.25,333.75,306.25,333.75,280.0,Gentle
261.25,246.25,261.25,266.25,395.0,266.25,395.0,246.25,mannings
485.0,117.5,485.0,156.25,565.0,156.25,565.0,117.5,彈力
572.5,141.25,572.5,158.75,608.75,158.75,608.75,141.25,###
488.75,162.5,488.75,185.0,548.75,185.0,548.75,162.5,1000
560.0,165.0,560.0,181.25,603.75,181.25,603.75,165.0,突破！！
506.25,205.0,506.25,217.5,570.0,217.5,570.0,205.0,###
515.0,222.5,515.0,231.25,561.25,231.25,561.25,222.5,###
521.25,233.75,521.25,242.5,553.75,242.5,553.75,233.75,###
496.25,108.75,496.25,118.75,536.25,118.75,536.25,108.75,###
501.25,97.5,501.25,107.5,537.5,107.5,537.5,97.5,###
540.0,82.5,540.0,103.75,563.75,103.75,563.75,82.5,###
568.75,90.0,568.75,110.0,595.0,110.0,592.5,88.75,###
601.25,107.5,601.25,126.25,618.75,126.25,618.75,107.5,###
458.75,16.25,453.75,48.75,503.75,80.0,512.5,43.75,彈力
561.25,81.25,558.75,40.0,597.5,21.25,601.25,47.5,彈力
578.75,88.75,573.75,72.5,617.5,48.75,618.75,62.5,###
23.75,343.75,28.75,356.25,50.0,356.25,50.0,346.25,40
107.5,380.0,102.5,393.75,165.0,396.25,162.5,388.75,###
93.75,473.75,92.5,482.5,178.75,491.25,181.25,480.0,###
430.0,128.75,411.25,116.25,467.5,92.5,467.5,128.75,彈力
405.0,105.0,402.5,96.25,443.75,82.5,440.0,91.25,###
441.25,65.0,441.25,80.0,465.0,80.0,465.0,65.0,###
462.5,61.25,462.5,78.75,485.0,78.75,485.0,61.25,###
237.5,92.5,235.0,137.5,283.75,131.25,303.75,107.5,彈力
243.75,86.25,243.75,100.0,282.5,100.0,280.0,90.0,###
243.75,72.5,243.75,81.25,282.5,90.0,283.75,81.25,###
283.75,72.5,283.75,86.25,298.75,86.25,298.75,72.5,###
495.0,0.0,498.75,22.5,520.0,30.0,518.75,15.0,###
515.0,33.75,523.75,60.0,540.0,60.0,528.75,28.75,###
526.25,62.5,526.25,76.25,545.0,76.25,545.0,62.5,###
85.0,613.75,107.5,643.75,222.5,638.75,222.5,611.25,187
2.5,1.25,2.5,21.25,47.5,42.5,50.0,27.5,###
422.5,47.5,427.5,60.0,447.5,63.75,447.5,51.25,c+
