50.7,922.98,50.7,1065.48,665.7,1065.48,665.7,922.98,厂家直销
848.7,930.48,848.7,1066.98,1457.7,1066.98,1457.7,930.48,降到最低
385.2,780.48,385.2,856.98,481.2,856.98,481.2,780.48,QQ
533.7,783.48,533.7,852.48,1006.2,852.48,1006.2,783.48,2421859176
172.2,715.98,172.2,742.98,301.2,742.98,301.2,715.98,###
328.2,718.98,328.2,736.98,520.2,736.98,520.2,718.98,###
1060.2,723.48,1060.2,741.48,1324.2,741.48,1324.2,723.48,###
1052.7,666.48,1052.7,715.98,1325.7,715.98,1325.7,666.48,5EPJ1234
1046.7,606.48,1046.7,657.48,1321.2,657.48,1321.2,606.48,5EPJ1234
1006.2,525.48,1010.7,577.98,1277.7,552.48,1268.7,510.48,5EPJ1234
1000.2,471.48,1000.2,519.48,1270.2,495.48,1261.2,448.98,5EPJ1234
991.2,427.98,992.7,457.98,1177.2,442.98,1168.2,429.48,###
724.2,661.98,724.2,717.48,934.2,717.48,934.2,661.98,Micro-V
722.7,600.48,722.7,658.98,934.2,658.98,934.2,600.48,Micro-V
679.2,549.48,679.2,571.98,827.7,571.98,827.7,549.48,###
671.7,496.98,676.2,541.98,874.2,523.98,883.2,478.98,Micro-V
836.7,534.48,847.2,570.48,878.7,573.48,890.7,534.48,V
668.7,430.98,667.2,486.48,871.2,465.48,874.2,432.48,Micro-V
181.2,660.48,175.2,705.48,527.7,708.48,526.2,661.98,6602-002836
181.2,601.98,185.7,646.98,527.7,652.98,526.2,607.98,6602-002836
143.7,534.48,146.7,573.48,478.2,567.48,472.2,516.48,6602-002836
127.2,481.98,140.7,526.98,470.7,504.48,469.2,456.48,6602-002836
115.2,435.48,128.7,472.98,422.7,451.98,421.2,432.48,###
79.2,112.32,79.2,263.82,1390.2,263.82,1390.2,112.32,全新原装滚筒皮带
790.2,501.48,790.2,501.48,791.7,501.48,791.7,501.48,###
212.7,505.98,212.7,591.48,349.2,591.48,349.2,505.98,ID:
431.7,493.98,431.7,597.48,1112.7,597.48,1112.7,493.98,诚挚家电配件
