12.08,5.83,12.08,86.67,727.08,86.67,727.08,5.83,维修耳机专用胶水
635.42,75.83,635.42,103.33,742.08,103.33,742.08,75.83,七天退换
283.44,190.63,281.56,199.38,325.94,200.0,326.56,191.88,CAUTFON
277.19,201.88,277.19,208.75,329.69,208.75,329.69,201.88,###
248.44,210.0,248.44,217.5,297.81,217.5,297.81,210.0,###
300.94,210.0,301.56,217.5,346.56,219.38,345.94,212.5,###
248.44,218.75,248.44,231.25,308.44,231.25,309.69,220.0,INDUSIRIVL
311.56,220.0,311.56,231.88,347.19,231.88,347.19,221.88,STRONGT
280.94,255.63,274.69,431.25,324.06,433.75,326.56,256.25,EOOOO
420.31,235.63,420.31,245.63,470.75,243.0,471.75,233.5,###
420.31,252.5,420.31,260.63,455.94,260.63,455.94,252.5,###
421.56,269.38,421.56,279.38,472.75,274.0,473.75,266.5,###
422.81,283.75,423.44,294.38,473.44,290.63,473.44,283.75,###
486.56,281.88,486.56,290.0,516.56,290.0,516.56,281.88,###
422.81,300.0,422.81,309.38,475.94,307.5,476.56,298.75,###
480.94,298.13,480.94,306.88,502.81,306.88,502.81,298.13,###
422.19,316.88,424.06,325.0,470.94,323.13,470.31,315.63,###
481.25,313.0,481.25,323.0,516.56,322.5,516.56,312.5,###
420.31,331.88,422.81,339.38,475.94,339.38,475.94,331.25,###
424.06,347.5,424.06,355.0,520.94,354.38,522.81,345.63,###
422.81,363.13,422.81,370.0,504.69,370.0,504.69,363.13,###
422.19,375.63,422.19,387.5,433.44,387.5,433.44,375.63,###
438.25,378.0,439.06,387.5,468.44,387.5,468.44,379.38,and85'F
422.19,394.38,422.19,403.13,504.69,403.13,504.69,394.38,###
421.56,409.38,421.56,420.0,485.31,420.0,485.31,409.38,###
422.81,425.63,422.81,433.75,517.19,433.75,517.19,425.63,###
422.19,441.25,422.19,451.25,510.31,451.25,510.31,441.25,###
421.25,458.5,421.56,464.38,527.81,464.38,527.81,456.25,###
420.94,471.88,420.94,480.63,530.94,480.63,530.94,471.88,###
422.81,486.25,422.81,497.5,522.81,497.5,522.81,486.25,###
423.44,501.88,423.44,511.25,485.31,511.25,485.31,501.88,###
423.44,519.38,422.81,526.88,522.81,526.88,521.56,516.88,###
422.19,531.88,422.19,540.63,536.56,540.63,536.56,531.88,###
420.94,546.25,420.94,555.0,532.81,555.0,532.81,546.25,###
420.94,561.25,420.94,570.0,499.69,570.0,499.69,561.25,###
415.31,573.75,415.31,585.63,538.44,585.63,539.69,576.25,###
414.69,591.88,415.31,600.0,439.25,601.0,439.75,593.5,###
413.44,603.75,414.06,614.38,519.06,616.25,519.06,608.13,###
282.81,583.13,284.06,593.13,314.06,595.63,315.94,586.25,0.3R.OZ
270.94,574.38,274.69,584.38,324.06,588.13,324.69,576.88,###
244.06,557.5,244.69,564.38,307.81,566.88,307.81,557.5,###
324.69,561.88,324.69,568.75,350.31,563.13,350.31,556.25,###
325.31,548.13,324.06,556.88,347.81,553.13,349.06,546.25,###
245.94,545.63,244.69,553.75,290.94,554.38,290.94,545.63,Woteroroot
255.75,523.5,254.75,530.5,340.75,530.5,340.25,523.5,SelllerolingFormclo
244.75,508.5,245.25,516.0,316.75,519.5,319.25,514.5,TheMvltiPutpose
321.56,514.38,323.44,518.75,346.56,518.75,347.81,510.63,###
276.56,478.13,276.56,495.0,323.44,495.0,323.44,478.13,CLEAR
260.94,456.88,262.19,462.5,298.44,464.38,298.44,456.88,Medium
302.19,456.25,302.19,465.63,339.25,464.5,340.75,457.0,Viscosiry
294.25,319.5,294.25,319.0,294.25,319.0,294.25,319.5,###
421.75,210.0,421.75,221.5,454.75,221.0,454.75,206.5,###
478.75,234.0,478.75,243.0,504.25,243.0,504.25,234.0,ctions
444.75,594.0,444.75,601.0,485.25,601.0,485.25,594.0,Aroidsuch
489.75,593.0,489.75,602.0,518.25,602.0,518.25,593.0,contact
482.75,266.0,482.75,274.5,498.25,274.5,498.75,266.0,lean
