581.08,46.23,581.08,108.3,462.65,108.3,462.65,46.23,限时
619.72,47.5,619.72,107.67,739.42,107.67,739.42,47.5,包邮
357.52,419.27,358.15,432.57,453.78,433.83,452.52,420.53,HEAVYDUTY
335.35,434.47,334.72,447.13,475.32,449.67,474.05,436.37,AIRCOMPRESSOR
288.48,461.7,288.48,475.0,524.08,479.43,523.45,464.87,EORBUS·TRUCK·4×4‘s·VAN's
339.78,485.13,339.78,491.47,298.62,491.47,298.62,485.13,Voltage
467.08,484.5,467.08,494.0,433.52,494.0,433.52,484.5,DC12V
432.25,499.7,432.25,509.83,467.08,509.83,467.08,499.7,16Amp
430.98,514.9,430.98,525.67,487.35,525.67,487.35,514.9,12~15Min
429.72,529.47,429.72,540.23,472.78,540.23,472.78,529.47,（100PSI）
429.72,542.77,429.72,552.9,475.32,552.9,475.32,542.77,35t./Min
310.02,554.8,311.92,563.03,520.28,564.93,519.02,559.23,###
346.12,563.67,346.12,570.63,439.22,570.63,439.22,563.67,###
369.55,543.4,369.55,549.73,297.35,549.73,297.35,543.4,Displacement
370.18,530.73,370.18,536.43,297.35,536.43,297.35,530.73,Max.Pressure
343.58,516.17,343.58,522.5,298.62,522.5,298.62,516.17,Duration
379.68,501.6,379.68,507.93,297.98,507.93,297.98,501.6,Max.Amperage
