59.24,29.45,59.24,77.24,372.11,77.24,372.11,29.45,美国加州宝宝
61.2,98.84,61.2,141.38,488.62,141.38,488.62,98.84,金盏花洗发沐浴2合1
122.73,161.02,122.73,183.27,264.76,183.27,264.76,161.02,有机植物原料
272.62,161.67,272.62,183.93,390.44,183.93,390.44,161.67,健康又放心
226.15,299.13,226.15,318.76,311.24,318.76,311.24,299.13,缓解皮炎
86.73,346.91,86.73,365.89,171.82,365.89,171.82,346.91,改善发质
370.15,587.13,370.15,598.25,434.95,598.25,434.95,587.13,海淘mama馆
391.75,511.2,391.75,519.05,416.62,519.05,416.62,511.2,###
461.52,624.0,461.04,632.16,503.28,639.84,502.32,631.68,8.5floz
506.16,628.8,507.12,640.8,554.16,640.8,554.16,629.28,（251mL）
530.64,622.56,529.2,627.84,587.28,621.6,585.36,616.32,###
433.68,602.88,435.12,609.12,462.0,618.24,462.0,612.48,###
467.76,612.96,469.2,620.16,482.64,623.52,482.64,617.76,###
449.52,577.92,449.52,583.2,482.16,590.4,481.2,584.64,###
524.88,588.96,525.36,595.68,594.0,588.96,594.48,581.76,HAIR.FACE&BOOY
462.48,552.96,463.44,561.12,501.84,566.88,500.88,557.28,FRENCH
503.76,559.68,505.68,567.84,558.48,567.84,558.48,559.68,LAVENDER
504.24,546.72,505.68,555.84,564.72,556.32,564.72,547.68,CLEANSERS
459.12,542.4,457.68,549.12,501.84,555.36,500.88,547.2,NATURAL
451.92,527.52,451.44,537.12,498.48,544.32,498.0,535.68,TEARFREE
506.64,537.12,505.68,544.8,574.8,544.32,574.32,535.2,NOSULFATES
430.8,523.68,440.88,543.84,450.48,542.88,440.4,522.72,###
442.32,544.8,442.32,572.16,450.48,572.16,451.92,544.8,###
440.88,490.56,441.36,510.72,507.12,521.28,508.56,499.68,BODY
510.48,500.16,515.76,521.76,586.32,518.88,587.28,496.8,WASH
438.48,466.56,438.0,485.76,504.24,495.84,504.24,476.16,SHAM
507.12,476.16,507.12,498.72,569.04,495.84,568.08,477.6,POO
575.28,474.72,575.28,496.8,592.56,496.8,592.56,474.72,&
461.52,444.0,461.52,455.04,563.76,459.84,562.8,448.8,(gentle&soothing)
455.28,426.24,453.36,442.56,572.88,446.88,571.92,429.6,calendwla
448.08,382.56,449.52,392.16,474.96,393.6,473.52,384.48,safe
489.84,387.36,489.36,395.52,547.92,396.96,547.92,387.36,natural
563.28,386.88,563.76,396.0,586.8,396.48,586.8,386.88,fun
584.88,130.56,584.88,146.4,678.96,146.4,678.96,130.56,海淘mama馆
617.04,22.08,619.44,32.64,655.44,32.64,655.92,23.04,PROJECI
672.24,43.68,689.04,71.04,701.04,70.08,681.84,36.48,13555
692.88,72.96,689.04,109.92,700.08,110.4,702.0,72.0,735357
