674.0,6.67,674.0,53.33,711.33,53.33,711.33,6.67,袖
731.33,5.33,731.33,54.67,766.0,54.67,766.0,5.33,标
535.33,320.0,543.33,285.33,428.67,256.0,415.33,293.33,AKAME
414.0,542.67,414.0,552.0,479.33,552.0,479.33,542.67,###
407.33,553.33,407.33,588.0,559.33,588.0,559.33,553.33,###
487.33,592.0,487.33,604.0,555.33,604.0,555.33,592.0,###
327.33,708.0,327.33,748.0,16.67,748.0,16.67,708.0,TTLOOK商品图片
690.0,249.33,696.67,269.33,652.67,282.67,646.0,260.0,NIGHT
706.0,62.67,706.0,90.67,639.33,90.67,639.33,62.67,NIGHT
735.33,62.67,735.33,93.33,790.0,93.33,790.0,62.67,RAID
