125.2,84.0,125.2,133.6,276.4,133.6,276.4,84.0,YPFEN
280.4,81.6,280.4,95.2,302.8,95.2,302.8,81.6,?
380.4,273.6,380.4,366.4,52.4,366.4,52.4,273.6,黑芝麻粉
127.6,379.2,127.6,400.0,309.2,400.0,309.2,379.2,风味独特冷热皆宜
607.6,314.4,607.6,320.0,615.6,320.0,615.6,314.4,?
658.0,352.8,658.0,399.2,502.8,399.2,502.8,352.8,黑芝麻粉
537.2,403.2,537.2,412.0,623.6,412.0,623.6,403.2,SNOWPEARPOWDER
98.8,478.4,101.2,499.2,137.2,496.8,138.0,477.6,美味
145.2,480.0,135.6,498.4,166.0,517.6,178.0,502.4,放心
82.8,483.2,94.0,502.4,70.0,526.4,54.0,514.4,丰富
50.8,518.4,44.4,558.4,65.2,560.8,69.2,524.0,口感
170.8,526.4,186.0,560.0,78.0,603.2,66.0,565.6,無添加
191.6,568.0,195.6,576.8,86.8,620.8,82.8,609.6,精选原料独特加工精细研磨
652.4,440.8,654.8,451.2,600.4,459.2,598.0,444.8,享受美好生活
676.4,447.2,678.0,461.6,630.8,465.6,629.2,453.6,喝美丽人生
659.6,481.6,659.6,487.2,677.2,487.2,677.2,481.6,###
658.8,488.0,658.8,496.8,678.8,496.8,678.8,488.0,100克
636.4,494.4,636.4,499.2,653.2,499.2,653.2,494.4,###
616.4,494.4,616.4,499.2,633.2,499.2,633.2,494.4,###
595.6,494.4,595.6,499.2,613.2,499.2,613.2,494.4,###
662.8,556.0,662.8,560.8,680.4,560.8,680.4,556.0,###
588.4,556.8,588.4,563.2,594.8,563.2,594.8,556.8,###
598.0,556.8,598.0,562.4,620.4,562.4,620.4,556.8,###
623.6,556.0,623.6,562.4,646.8,562.4,646.8,556.0,###
478.8,559.2,478.8,565.6,531.6,565.6,531.6,559.2,###
479.6,550.4,479.6,556.0,542.0,556.0,542.0,550.4,###
478.0,542.4,478.0,548.0,575.6,548.0,575.6,542.4,###
478.0,532.8,478.0,539.2,551.6,539.2,551.6,532.8,###
477.2,525.6,477.2,531.2,556.4,531.2,556.4,525.6,###
518.8,476.0,519.6,479.2,484.4,492.8,483.6,489.6,###
513.2,482.4,514.8,486.4,493.2,493.6,493.2,490.4,###
512.4,463.2,516.0,472.89,482.8,488.0,478.8,476.8,無添加
488.4,448.0,488.4,455.2,500.4,455.2,500.4,448.0,###
503.6,448.8,502.0,454.4,510.0,462.4,514.0,456.8,###
485.2,451.2,488.4,456.0,481.2,464.0,474.8,458.4,###
472.4,461.6,472.4,475.2,479.6,475.2,479.6,461.6,###
178.0,584.8,181.2,596.0,111.6,622.4,107.6,613.6,科学配比独特加工
548.4,315.2,548.4,335.2,605.2,335.2,605.2,315.2,YPFEN
429.2,122.4,430.0,134.4,752.4,140.8,751.6,128.0,###
