67.6,284.8,67.6,315.2,195.6,315.2,195.6,284.8,调节三脂
67.6,343.2,67.6,373.6,359.6,373.6,359.6,343.2,促进脑部和眼部健康
68.4,400.8,68.4,432.0,291.6,432.0,291.6,400.8,预防老年痴呆症
66.8,462.4,66.8,494.4,322.8,494.4,322.8,462.4,预防心脑血管疾病
70.0,524.0,70.0,550.4,261.2,550.4,261.2,524.0,预防动脉硬化
2.8,732.0,2.8,784.0,113.2,784.0,113.2,732.0,武汉
137.2,733.6,137.2,784.0,246.0,784.0,246.0,733.6,现货
275.6,731.2,275.6,784.0,381.2,784.0,381.2,731.2,自提
433.2,749.6,433.2,785.6,791.6,785.6,791.6,749.6,100%德国原装进口
397.2,672.0,397.2,688.0,422.8,688.0,422.8,672.0,80
434.8,673.6,435.6,692.0,526.8,695.2,524.4,676.8,Kapseln
397.2,624.0,397.2,629.6,434.8,630.4,434.8,625.6,###
398.0,619.2,397.2,624.0,440.4,624.0,439.6,619.2,###
399.6,608.8,396.4,616.8,430.0,616.8,429.2,611.2,###
398.0,577.6,398.0,590.4,417.2,590.4,417.2,577.6,Die
398.8,591.2,398.8,605.6,422.8,605.6,422.8,591.2,Nr
421.2,575.2,421.2,606.4,438.0,606.4,438.0,575.2,1
396.4,514.4,396.4,526.4,413.2,526.4,413.2,514.4,die
418.8,516.8,418.8,526.4,489.2,530.4,488.4,519.2,Herzfunktion
397.2,500.8,396.4,511.2,476.4,513.6,476.4,504.0,EPA+DHAfur
394.8,472.8,398.0,484.8,513.2,491.2,514.0,480.0,Omega-3-Fettsauren
397.2,458.4,397.2,470.4,490.0,474.4,488.4,463.2,HoherGehaltan
396.4,426.4,395.6,439.2,489.2,444.8,490.8,434.4,Ernanrung
395.6,405.6,394.8,420.8,425.2,423.2,426.8,410.4,Fur
432.4,412.8,430.0,424.0,468.4,424.0,467.6,413.6,eine
472.4,412.8,471.6,425.6,587.6,431.2,588.4,418.4,herzgesunde
752.4,642.4,753.2,658.4,789.2,627.2,790.8,612.0,###
758.8,667.2,762.0,672.8,784.4,657.6,786.0,648.8,###
758.8,679.2,759.6,687.2,786.0,666.4,784.4,660.8,###
763.6,606.4,763.6,612.0,780.4,599.2,779.6,594.4,###
758.8,601.6,758.0,608.0,786.8,583.2,788.4,576.0,###
779.6,572.0,757.2,594.4,758.8,598.4,786.8,572.0,###
755.6,582.4,757.2,589.6,787.6,563.2,788.4,556.0,###
621.2,512.8,622.0,525.6,695.6,515.2,695.6,502.4,120mgDHA
620.4,496.8,621.2,510.4,691.6,501.6,690.8,489.6,180mgEPA
621.2,474.4,620.4,488.0,728.4,474.4,730.0,461.6,###
613.2,462.4,613.2,476.0,738.8,457.6,739.6,447.2,###
601.2,366.4,601.2,411.2,723.6,411.2,723.6,366.4,1000
398.0,367.2,396.4,396.8,586.0,407.2,584.4,376.0,Seefischol
395.6,305.6,396.4,344.8,722.8,354.4,724.4,314.4,Omega-3
435.6,238.4,434.8,261.6,504.4,265.6,507.6,242.4,herz
510.0,239.2,510.0,247.2,518.8,247.2,518.8,239.2,R
410.0,208.0,410.8,231.2,528.4,234.4,527.6,213.6,Doppel
582.0,205.6,582.0,239.2,722.0,239.2,722.0,205.6,aktiv
757.2,407.2,756.4,416.8,790.0,391.2,790.0,380.8,###
762.0,431.2,762.0,441.6,782.0,428.0,781.2,417.6,###
768.4,510.4,767.6,515.2,778.8,507.2,775.6,503.2,###
758.8,569.6,759.6,576.0,783.6,557.6,786.8,547.2,###
752.4,563.2,756.4,566.4,790.0,544.8,792.4,534.4,###
758.8,550.4,758.8,556.0,790.0,533.6,784.4,528.8,###
755.6,542.4,758.8,548.8,789.2,522.4,789.2,513.6,###
759.6,528.0,760.4,533.6,786.0,514.4,786.0,507.2,###
764.4,489.6,762.8,496.8,781.2,487.2,780.4,480.0,###
764.4,473.6,762.8,481.6,782.8,471.2,779.6,461.6,###
758.0,468.8,758.8,476.0,789.2,452.8,785.2,448.0,###
754.8,460.0,758.0,464.8,789.2,442.4,787.6,436.8,###
757.2,447.2,759.6,454.4,784.4,435.2,786.0,428.8,###
762.0,385.6,766.8,392.0,782.8,379.2,778.8,372.0,###
760.4,375.2,761.2,381.6,786.0,360.0,783.6,355.2,###
761.2,251.2,762.8,274.4,786.0,258.4,787.6,236.8,aktiv
766.0,204.8,769.2,221.6,779.6,212.8,779.6,200.0,herz
762.8,187.2,763.6,202.4,783.6,189.6,782.8,182.4,Doppel
44.4,208.8,44.4,251.2,150.0,251.2,150.0,208.8,80粒
42.8,148.8,42.8,196.0,250.0,196.0,250.0,148.8,深海鱼油
48.4,79.2,48.4,97.6,106.8,97.6,106.8,79.2,herz
146.0,79.2,146.0,106.4,207.6,106.4,207.6,79.2,双心
143.6,41.6,143.6,71.2,206.0,71.2,206.0,41.6,德国
26.8,52.8,26.8,74.4,124.4,74.4,124.4,52.8,Doppel
109.2,75.2,109.2,82.4,116.4,82.4,116.4,75.2,R
516.4,20.0,516.4,68.0,756.4,68.0,756.4,20.0,迪夫庄园
497.2,136.8,496.4,140.8,629.2,145.6,634.0,140.8,###
422.8,123.2,422.8,130.4,564.4,133.6,565.2,128.8,###
575.6,129.6,574.0,135.2,669.2,139.2,667.6,133.6,###
676.4,134.4,679.6,140.0,732.4,142.4,732.4,136.0,###
642.8,118.4,642.8,125.6,735.6,128.0,744.4,121.6,aktiv
473.2,112.0,469.2,118.4,535.6,121.6,542.8,116.0,###
752.4,336.8,754.8,347.2,778.0,332.0,778.0,320.8,Seefischol
776.4,310.4,776.4,330.4,790.0,318.4,790.0,305.6,1000
754.0,296.8,754.8,321.6,791.6,297.6,792.4,278.4,Omega-3
