91.34,0.54,139.02,45.0,28.13,152.68,1.34,90.54,包邮
711.16,95.36,711.16,141.43,608.3,141.43,608.3,95.36,正品
562.77,348.75,562.77,362.14,570.8,362.14,570.8,348.75,美肌
183.48,405.0,183.48,420.54,190.45,420.54,190.45,405.0,美肌
156.16,311.79,156.16,334.82,166.88,334.82,166.88,311.79,美肌
377.41,405.0,377.41,417.32,383.3,417.32,383.3,405.0,美肌
572.95,346.07,572.95,365.89,635.63,365.89,635.63,346.07,美肌堂
543.48,372.32,543.48,381.43,651.7,381.43,651.7,372.32,###
563.84,382.5,563.84,390.0,632.95,390.0,632.95,382.5,CLEANSINGMILK
561.16,394.82,561.16,405.54,636.16,405.54,636.16,394.82,补水保湿洁面乳
577.23,468.21,577.23,481.07,621.7,481.07,621.7,468.21,WHITE
665.09,398.57,665.09,437.14,709.55,437.14,709.55,398.57,送
701.52,469.82,701.52,474.64,730.45,474.64,730.45,469.82,###
709.55,548.57,709.55,557.14,727.23,557.14,727.23,549.11,美肌堂
141.16,231.43,141.16,264.64,171.7,264.64,171.7,231.43,皱
68.84,304.29,68.84,338.57,95.63,338.57,95.63,304.29,暗
71.52,422.68,71.52,455.89,92.41,455.89,92.41,422.68,千
282.05,371.25,282.05,382.5,324.38,382.5,324.38,371.25,###
336.16,306.43,336.16,343.39,346.34,343.39,346.34,306.43,###
330.8,423.21,330.8,455.89,345.8,455.89,345.8,423.21,###
184.55,448.39,184.55,459.64,251.52,459.64,251.52,448.39,补水保湿柔肤水
184.02,439.82,184.02,448.93,250.98,448.93,250.98,439.82,###
173.3,429.11,173.3,438.21,264.38,438.21,264.38,429.11,###
192.59,402.86,192.59,423.75,248.84,423.75,248.84,402.86,###
386.52,401.79,386.52,420.54,441.7,420.54,441.7,401.79,美肌堂
363.48,428.04,363.48,435.54,454.02,435.54,454.02,428.04,###
377.41,447.86,377.41,456.96,443.84,456.96,443.84,447.86,宝萃雪肌保湿乳
400.98,437.68,400.98,446.25,426.16,446.25,426.16,437.68,LOTON
387.59,528.75,387.59,540.54,437.95,540.54,437.95,528.75,NORISH
524.2,546.96,524.2,558.75,555.8,558.75,555.8,546.96,美肌堂
516.7,562.5,516.7,569.46,567.59,567.86,567.59,560.36,###
518.84,570.0,518.84,578.04,560.63,578.04,560.63,568.93,###
579.38,493.93,578.84,500.89,630.27,502.5,630.27,495.0,###
583.13,485.89,583.13,493.39,646.34,493.39,646.34,485.89,###
377.95,544.82,377.95,551.79,451.88,551.79,451.88,544.82,###
388.13,553.39,388.13,559.82,439.55,559.82,439.55,553.39,###
290.09,548.04,290.09,561.43,325.45,561.43,325.45,548.04,美肌堂
283.66,562.5,283.66,568.93,354.91,568.93,354.91,562.5,###
284.2,570.54,284.2,579.11,343.13,579.11,343.13,570.54,###
171.7,545.36,171.7,554.46,250.98,554.46,252.05,547.5,###
191.52,553.93,191.52,562.5,243.48,562.5,243.48,553.93,###
190.98,530.36,190.98,543.21,240.8,543.21,240.8,530.36,NORISH
75.8,542.68,75.8,556.07,110.09,556.07,110.09,542.68,美肌堂
70.45,565.71,70.45,574.82,136.34,574.82,136.34,565.71,###
101.52,369.64,101.52,380.89,166.34,380.89,166.34,369.64,###
70.98,556.61,70.98,564.11,143.3,564.11,143.3,556.61,###
83.3,705.0,83.3,713.04,131.52,713.04,131.52,705.0,3301575520
55.98,660.54,55.98,675.54,103.66,675.54,103.66,660.54,刮涂层
113.3,660.54,113.3,676.61,158.3,676.61,158.3,660.54,查真伪
466.88,669.64,466.88,730.71,202.23,730.71,202.23,669.64,正品防伪
533.84,660.54,533.84,703.39,732.05,703.39,732.05,660.54,闪电发货
742.23,707.68,742.23,744.64,518.3,744.64,518.3,707.68,套装送面膜
94.02,641.25,94.02,648.75,183.48,648.75,183.48,641.25,短信查询：075786332797
94.02,627.32,94.02,635.89,184.55,635.89,184.55,627.32,###
35.63,628.93,35.63,646.07,88.66,646.07,88.66,628.93,美肌堂
26.52,630.54,26.52,642.86,31.88,642.86,31.88,630.54,###
379.55,330.54,379.55,377.14,441.16,377.14,441.16,330.54,m
485.09,550.18,485.09,571.07,509.73,571.07,509.73,550.18,m
558.48,261.43,558.48,317.14,637.77,317.14,637.77,261.43,m
260.09,548.57,259.02,570.0,278.3,572.14,277.77,549.64,m
50.09,544.29,48.48,565.18,64.55,566.79,66.16,545.36,m
188.3,331.07,188.3,379.82,249.38,379.82,249.38,331.07,m
295.45,467.68,295.45,505.71,512.95,505.71,512.95,467.68,阿里化妆品
428.3,507.32,428.3,530.36,511.34,530.36,511.34,507.32,盗图必究
132.05,508.93,132.05,520.18,143.84,520.18,143.84,508.93,###
285.8,510.54,285.8,521.79,298.13,521.79,298.13,510.54,###
608.84,34.29,608.84,84.11,714.38,84.11,714.38,34.29,专柜
160.45,352.5,160.45,363.21,166.34,363.21,166.34,352.5,###
