52.89,83.56,52.89,29.33,312.44,29.33,312.44,83.56,XC小蔡
510.67,78.22,510.67,23.11,748.0,23.11,748.0,78.22,直邮保真
54.67,140.44,54.67,105.78,233.33,105.78,233.33,140.44,购遍澳洲
336.44,129.78,336.44,104.89,422.67,104.89,422.67,129.78,小蔡家
321.33,155.56,321.33,129.78,438.67,129.78,438.67,155.56,澳洲直邮
266.22,139.56,266.22,103.11,445.78,103.11,445.78,139.56,小蔡一碟
513.33,135.11,513.33,80.0,745.33,80.0,745.33,135.11,良心低价
339.11,379.56,339.11,353.78,423.56,353.78,423.56,379.56,小蔡家
323.11,404.44,323.11,376.89,437.78,376.89,437.78,404.44,澳洲直邮
342.67,404.44,342.67,377.78,458.22,377.78,458.22,404.44,REVLON
316.89,546.67,316.89,520.0,482.22,520.0,482.22,546.67,COLORSTAY
329.33,581.33,329.33,557.33,468.89,557.33,468.89,581.33,GELENVY
337.33,629.33,337.33,603.56,424.44,603.56,424.44,629.33,小蔡家
324.89,656.0,324.89,631.11,437.78,631.11,437.78,656.0,澳洲直邮
308.0,688.0,308.0,672.89,492.0,672.89,492.0,688.0,LONGWEARNAILENAMEL
22.67,757.33,22.67,717.33,571.11,717.33,571.11,757.33,小蔡爸正在接受澳洲电视台采访
