202.77,26.46,202.77,76.31,587.38,76.31,587.38,26.46,买两包送同款宝贝
130.15,94.15,130.15,220.92,711.69,220.92,711.69,94.15,买二送一
128.31,283.08,128.31,315.08,144.92,315.08,144.92,283.08,L
157.23,283.69,157.23,314.46,189.23,314.46,189.23,283.69,XL
202.15,281.85,200.31,316.31,248.92,314.46,248.92,281.85,XXL
118.46,329.23,118.46,369.23,258.77,369.23,258.77,329.23,三号任选
411.25,343.0,405.75,348.0,475.75,352.5,482.75,346.5,###
581.25,288.0,570.75,293.0,634.75,299.5,641.75,293.5,###
256.75,495.5,253.75,500.0,353.25,504.0,360.75,499.0,###
275.75,556.5,275.75,570.0,306.75,572.5,303.75,555.5,ins
326.25,561.5,326.25,574.5,356.25,574.5,356.25,561.5,ftb
326.25,548.0,326.25,556.5,354.75,556.5,354.75,548.0,婴舒宝
190.75,538.5,190.75,550.0,194.75,550.0,194.75,538.5,###
211.75,578.0,211.75,610.0,361.75,610.0,361.75,578.0,冠军学步裤
271.75,612.0,271.75,619.0,343.25,622.0,346.25,615.5,OncmpionDicper
270.75,648.5,271.75,658.5,312.25,657.0,310.75,646.0,弹性十足轻松
312.25,644.0,313.25,658.0,348.67,664.0,352.75,653.0,一粒方便穿用
194.25,734.5,197.75,740.5,230.75,728.5,227.25,720.5,让宝宝赢
230.75,723.0,233.25,731.5,279.75,723.0,278.75,715.5,在起跑线上！
287.75,709.5,287.75,730.0,312.75,731.0,311.25,711.5,XXL
314.25,712.0,314.25,725.5,330.25,725.5,330.25,712.0,30
331.75,718.5,331.75,725.5,338.25,725.5,338.1,718.86,片
314.25,727.0,314.75,732.0,355.25,734.5,353.75,728.0,###
315.75,747.0,316.75,754.5,349.25,757.5,349.25,749.0,电商专供
386.44,459.56,386.44,476.89,418.89,476.89,418.89,459.56,ins
440.22,463.11,442.0,480.44,474.44,482.67,474.44,463.11,ftb
440.67,451.11,440.22,460.89,474.0,464.0,474.0,453.78,婴舒宝
442.44,490.22,442.0,518.22,475.33,528.0,483.33,492.0,裤
430.89,522.67,430.89,533.33,460.22,533.33,462.0,525.78,Dicper
430.89,609.33,431.33,620.44,478.89,628.89,481.56,619.11,轻松一粒方便穿用
420.67,572.44,419.78,642.22,426.89,640.44,427.33,572.44,###
420.22,648.44,420.22,687.11,426.89,687.11,426.89,644.44,###
301.11,660.44,301.11,663.56,317.56,661.78,318.0,659.56,###
430.89,623.11,432.67,627.11,449.11,627.11,450.89,624.0,###
438.44,671.56,436.22,681.78,452.22,683.56,452.67,673.78,40
453.11,679.11,453.11,684.89,458.44,684.89,458.44,679.11,片
438.0,683.56,438.89,689.33,448.67,690.22,449.56,683.56,###
452.22,686.67,451.78,690.67,468.67,693.33,469.11,688.89,###
429.11,739.11,430.44,745.78,461.56,751.11,460.67,744.0,电商专供
393.56,589.78,394.0,608.44,398.89,608.44,398.89,588.89,###
394.0,616.0,394.0,629.78,398.44,629.78,398.44,616.0,###
396.22,659.11,396.22,675.56,399.33,675.56,399.33,659.11,###
552.67,419.56,552.22,433.33,582.0,438.67,582.0,419.56,ins
605.11,412.89,603.33,422.22,634.44,425.78,634.0,416.89,婴舒宝
602.89,424.44,604.22,440.44,634.89,443.11,634.44,428.44,ftb
526.0,440.89,523.78,467.11,639.33,482.67,636.67,449.33,冠军学步裤
548.22,474.22,548.22,480.0,622.89,491.11,623.78,482.67,OncmpionDicper
565.11,616.0,566.44,627.11,602.0,628.89,601.11,618.67,弹性十足轻松
603.33,619.11,603.78,629.78,632.67,636.44,635.78,628.44,一粒方便穿用
591.33,630.22,592.67,633.78,606.89,635.56,606.89,630.67,###
526.44,679.11,526.44,690.22,574.0,676.0,570.0,670.22,在起跑线上！
581.56,674.22,580.22,692.44,602.44,696.0,598.89,675.11,XL
600.22,676.89,602.1,689.52,618.89,692.0,617.56,679.56,34
619.33,685.78,619.33,692.89,626.44,692.89,626.44,685.78,片
603.33,691.56,603.78,696.44,638.89,703.56,640.22,697.78,###
584.67,731.11,583.78,737.33,619.33,744.89,620.22,737.78,电商专供
500.22,491.56,500.22,511.11,502.89,511.11,502.89,491.56,###
500.22,516.89,500.22,530.67,503.33,530.67,503.33,516.89,###
502.44,557.78,502.44,572.89,505.11,572.89,505.11,557.78,###
518.0,480.44,518.0,546.22,522.0,546.22,522.0,480.44,###
519.33,550.67,519.33,581.33,522.89,581.33,522.89,550.67,###
654.89,458.22,654.89,476.89,658.89,476.89,658.89,458.22,###
655.78,486.22,655.78,500.89,659.33,500.89,659.33,486.22,###
672.22,444.0,672.22,518.22,676.22,518.22,676.22,444.0,###
430.89,491.56,430.89,518.22,441.11,518.22,441.11,491.56,###
348.22,343.11,342.0,348.44,469.56,356.44,476.22,353.78,###
518.89,288.44,513.11,292.89,625.56,304.0,632.22,300.0,###
382.67,398.93,382.67,410.67,387.47,410.67,387.47,398.93,###
570.93,354.13,570.93,366.93,574.67,366.93,574.67,354.13,###
375.2,407.47,375.2,421.87,389.6,421.87,389.6,407.47,###
560.8,363.2,560.8,379.2,580.53,379.2,580.53,363.2,###
181.6,546.13,181.6,559.47,198.13,559.47,198.13,546.13,###
