25.97,30.86,22.2,56.4,103.11,58.11,104.14,29.83,礼&行
143.4,25.2,143.4,50.4,208.03,48.86,209.06,26.23,芳香季
147.0,51.6,147.0,57.6,213.0,57.6,213.0,51.6,###
123.0,122.4,124.2,133.2,93.0,139.2,94.2,127.2,###
81.0,133.2,81.0,141.6,46.2,150.0,46.2,140.4,###
129.0,141.6,130.2,148.8,48.6,164.4,51.0,154.8,###
400.2,81.6,412.2,102.0,178.2,151.2,174.6,133.2,USB芳香加热眼罩
417.0,114.0,420.6,123.6,384.6,132.0,383.4,123.6,###
373.8,121.2,377.4,129.6,349.8,138.0,346.2,127.2,###
337.8,128.4,341.4,139.2,279.0,153.6,277.8,141.6,###
268.2,144.0,271.8,156.0,225.0,166.8,223.8,153.6,###
214.2,156.0,216.6,165.6,191.4,175.2,187.8,164.4,###
300.6,224.4,310.2,241.2,211.8,266.4,208.2,247.2,调温定时型
175.8,255.6,181.8,270.0,120.6,285.6,118.2,268.8,调温型
426.6,231.6,448.2,236.4,418.2,280.8,401.4,273.6,###
396.6,278.4,411.0,284.4,387.0,304.8,377.4,294.0,###
375.0,297.6,388.2,308.4,317.4,342.0,304.2,324.0,###
16.2,469.2,16.2,522.0,174.6,522.0,174.6,469.2,直插型
25.8,535.2,25.8,550.8,85.8,550.8,85.8,535.2,Line
101.4,534.0,101.4,552.0,161.4,552.0,161.4,534.0,type
54.6,643.2,54.6,715.2,351.0,715.2,351.0,643.2,蒸汽热敷
373.8,642.0,373.8,715.2,665.4,715.2,665.4,642.0,帮助睡眠
210.09,27.26,210.09,32.4,218.83,32.4,218.83,27.26,RM
105.17,28.8,105.17,39.09,114.94,39.09,114.94,28.8,?
