58.0,21.33,58.0,72.0,440.67,72.0,440.67,21.33,纯天然私处护理
475.33,21.33,475.33,73.33,747.33,73.33,747.33,21.33,英王妃专用
24.67,268.0,24.67,318.67,236.67,318.67,236.67,268.0,温和抑菌
24.67,338.67,24.67,388.0,238.0,388.0,238.0,338.67,祛味止痒
24.67,406.67,24.67,456.0,236.67,456.0,236.67,406.67,天然滋润
28.67,474.67,28.67,525.33,238.0,525.33,238.0,474.67,白净肌肤
315.33,285.33,315.33,301.33,351.33,301.33,351.33,285.33,NEW
310.0,301.33,310.0,313.33,358.0,316.0,358.0,305.33,YALUESIZE
318.0,364.0,319.33,389.33,398.0,393.33,396.67,366.67,fem
403.33,365.33,403.33,393.33,500.67,393.33,500.67,365.33,fresh
351.33,397.33,351.33,410.67,412.67,412.0,411.33,400.0,INTIMATE
416.67,398.67,416.67,410.67,472.67,410.67,472.67,398.67,HYGIENI
327.33,426.67,330.0,438.67,371.33,441.33,372.67,429.33,Daily
375.33,429.33,375.33,442.67,448.67,442.67,448.67,429.33,Intimate
494.0,428.0,494.0,441.33,452.67,441.33,452.67,430.67,Wash
346.0,453.33,347.33,462.67,394.0,464.0,394.0,453.33,###
398.0,454.67,398.0,464.0,430.0,464.0,430.0,454.67,###
475.33,452.0,475.33,462.67,436.67,462.67,435.33,453.33,###
358.0,586.67,358.0,600.0,459.33,600.0,459.33,586.67,EVERDAYCARE
382.0,618.67,382.0,626.67,436.67,626.67,436.67,618.67,###
320.67,628.0,320.67,638.67,338.0,638.67,338.0,628.0,pH-
340.67,630.67,340.67,641.33,395.33,644.0,398.0,634.67,balanced
415.33,634.67,415.33,644.0,399.33,644.0,395.33,634.67,for
466.0,629.33,464.67,641.33,414.0,645.33,416.67,634.67,intimate
491.33,625.33,491.33,636.0,468.67,640.0,467.33,629.33,ared
491.33,637.33,492.67,648.0,466.0,652.0,466.0,644.0,###
402.0,648.0,398.0,654.67,459.33,653.33,462.0,645.33,###
388.67,648.0,388.67,654.67,398.0,654.67,398.0,648.0,###
320.67,641.33,320.67,650.67,388.67,656.0,390.0,648.0,###
386.0,669.33,386.0,680.0,430.0,680.0,430.0,669.33,250ml
484.67,673.33,484.67,681.33,468.67,681.33,468.67,673.33,###
484.67,668.0,484.67,674.67,462.0,674.67,462.0,668.0,###
