65.76,1094.12,65.76,1170.92,542.16,1170.92,542.16,1094.12,手机图案通用
903.36,1032.92,903.36,1098.92,1157.76,1098.92,1157.76,1032.92,来图定制
903.36,972.92,903.36,1031.72,1156.56,1031.72,1156.56,972.92,历史低价
62.16,944.12,62.16,1061.72,560.16,1061.72,560.16,944.12,买一送二
384.96,878.12,384.96,915.32,764.16,915.32,764.16,878.12,8841971693993751
386.16,828.92,386.16,869.72,765.36,869.72,765.36,828.92,2643383279502
382.56,767.72,382.56,819.32,765.36,819.32,765.36,767.72,8979323846
388.56,681.19,388.56,753.19,761.76,753.19,761.76,681.19,5926535
384.96,541.99,384.96,664.39,758.16,664.39,758.16,541.99,3.141
498.96,371.32,498.96,515.32,648.96,515.32,648.96,371.32,π
603.36,716.12,603.36,714.92,603.36,714.92,603.36,716.12,###
