631.88,680.47,631.88,689.09,724.22,677.65,724.8,668.16,DIETAARYSSUPPLEMENT
476.8,677.4,478.65,689.09,542.65,691.55,543.26,679.86,Softgels
445.41,666.32,444.18,682.32,473.11,687.24,473.11,668.16,200
444.8,639.86,444.18,648.47,510.03,655.24,509.41,645.4,UQUIDSOFTGEL
446.03,628.16,444.8,638.01,509.41,642.93,510.03,633.09,RAPIDRELEASE
444.8,594.93,446.03,610.32,486.65,612.78,486.65,598.63,Health
445.41,579.55,445.41,591.86,551.26,594.32,550.65,583.86,andAntioxidant
444.8,565.4,443.57,573.4,562.34,577.7,565.41,568.47,SupportsProstate
462.65,518.63,462.65,540.78,506.95,540.78,506.95,518.63,mg
444.8,505.09,444.18,536.47,459.57,537.7,459.57,506.32,5
446.65,450.25,443.57,484.71,711.26,484.71,710.03,443.48,Lycopene
501.41,413.19,501.41,432.27,647.88,432.27,647.88,413.19,ADVANCED
460.8,363.34,460.8,387.96,561.72,387.96,561.72,363.34,NATURE'S
612.8,362.11,612.8,386.11,694.03,386.11,694.03,362.11,BOUNTY
697.72,322.66,700.8,338.66,742.65,338.04,742.65,322.66,VALUES
630.03,323.89,630.03,339.89,678.65,339.89,678.65,323.89,SIZE
540.8,323.89,546.34,339.89,622.03,341.12,622.03,323.89,VALUE
411.57,323.89,411.57,342.35,459.57,342.35,459.57,323.89,VALUE
466.34,324.51,466.34,341.74,514.34,341.74,514.34,324.51,SIZE
400.49,324.51,400.49,341.12,404.8,341.12,404.8,324.51,###
401.11,424.81,401.11,434.04,410.95,434.04,410.95,424.81,###
402.34,414.97,402.34,422.97,410.95,422.97,410.95,414.97,###
615.88,139.82,615.88,179.21,737.72,179.21,737.72,139.82,买2减5
594.34,77.67,594.34,131.82,758.65,131.82,758.65,77.67,200粒
62.65,649.7,62.65,690.93,366.65,690.93,366.65,649.7,买2瓶就送VC30片
58.95,583.86,58.95,642.93,367.88,642.93,367.88,583.86,买就送药盒
46.03,264.81,46.03,343.58,375.88,343.58,375.88,264.81,男人拒绝
46.03,379.89,46.03,456.81,126.03,456.81,126.03,379.89,受
299.57,378.66,299.57,456.81,374.03,456.81,374.03,378.66,制
78.65,313.43,78.65,464.81,340.8,464.81,340.8,313.43,“腺”
44.18,157.67,44.18,241.98,374.03,241.98,374.03,157.67,番茄红素
79.26,110.69,80.49,154.39,247.88,139.62,243.57,100.23,自然之宝
