135.07,695.75,135.07,737.2,220.05,737.2,220.05,695.75,亲人
318.85,696.44,318.85,739.27,404.53,739.27,404.53,696.44,朋友
512.31,697.13,512.31,737.89,593.84,737.89,593.84,697.13,自己
14.16,618.36,14.16,675.71,296.75,675.71,296.75,618.36,年中促销
320.24,616.98,320.24,674.33,607.65,674.33,607.65,616.98,全场八折
669.15,620.44,669.15,674.33,735.47,674.33,735.47,620.44,送
669.84,272.22,669.84,458.07,682.96,458.07,682.96,272.22,在追求极简和保持生态环境的
642.89,272.22,642.89,460.15,657.4,460.15,657.4,272.22,驱动下，我们远离硅胶和塑料，
617.33,271.53,617.33,457.38,630.45,457.38,630.45,271.53,相反采用更有机的材料，让每
591.07,277.75,591.07,458.76,605.58,458.76,605.58,277.75,一个产品都有自己的独特纹理
565.51,271.53,565.51,325.42,579.33,325.42,579.33,271.53,和质感。
512.31,271.53,512.31,457.38,526.82,457.38,526.82,271.53,当你拥有一个索然产品时，不
486.05,271.53,486.05,454.62,500.56,454.62,500.56,271.53,仅要看起来很好，而且好用。
461.18,271.53,461.18,458.07,475.0,458.07,475.0,271.53,美丽的数码产品值得受到优雅
434.93,271.53,434.93,324.04,448.05,324.04,448.05,271.53,的保护。
567.58,66.33,567.58,140.95,718.89,140.95,718.89,66.33,包邮
68.75,96.73,68.75,140.95,260.13,140.95,260.13,96.73,端午促销
624.24,352.36,624.24,351.67,624.93,351.67,624.93,352.36,###
