30.01,671.61,30.01,784.61,229.01,784.61,229.01,671.61,9.9
223.01,710.61,223.01,779.61,299.01,779.61,299.01,710.61,元
326.01,704.61,326.01,785.61,765.01,785.61,765.01,704.61,付邮免费用
471.01,599.61,471.01,609.61,502.01,609.61,502.01,599.61,净含量：
503.01,600.61,503.01,610.61,518.01,609.61,520.01,600.61,25g
305.01,609.61,305.01,621.61,341.01,621.61,341.01,609.61,净含量：
344.01,609.61,344.01,619.61,353.01,619.61,353.01,609.61,2
305.01,545.61,305.01,559.61,350.01,559.61,350.01,545.61,晶萃净肤
304.01,531.61,304.01,539.61,349.01,539.61,349.01,531.61,###
463.01,575.61,462.01,590.61,529.01,590.61,530.01,575.61,Black Mask
456.01,561.61,453.01,575.61,536.01,576.61,535.01,562.61,Crystal-Bright
457.01,548.61,457.01,561.61,532.01,561.61,532.01,548.61,晶萃净肤黑面膜
476.01,302.88,473.01,316.88,518.01,316.88,518.01,302.88,SWISS
445.01,270.88,446.01,297.88,473.01,296.88,473.01,270.88,C.
512.01,270.88,512.01,296.88,530.01,296.88,529.01,271.88,C
533.01,286.88,533.01,296.88,543.01,296.88,543.01,286.88,###
595.01,272.88,595.01,312.88,737.01,312.88,737.01,272.88,1000盒
614.01,216.88,614.01,264.88,713.01,264.88,713.01,216.88,仅限
316.01,202.88,315.01,222.88,332.01,222.88,332.01,202.88,C.
336.01,203.88,336.01,222.88,352.01,222.88,352.01,203.88,E.
332.01,224.88,332.01,235.88,350.01,235.88,350.01,224.88,###
481.01,270.88,482.01,297.88,505.01,297.88,505.01,270.88,E.
162.01,62.97,162.01,133.97,774.01,133.97,774.01,62.97,吸黑/嫩白/长效补水
22.01,43.97,22.01,89.97,142.01,89.97,142.01,43.97,C.E.C
