49.95,637.0,49.95,659.91,186.77,659.91,186.77,637.0,绮雯化妆品
49.32,664.36,49.32,684.73,187.41,684.73,187.41,664.36,批发配货中心
218.59,643.36,218.59,680.27,370.05,680.27,370.05,643.36,专柜正品
390.41,645.27,390.41,680.91,664.05,680.91,664.05,645.27,30天无理由退换
578.14,542.18,578.14,589.27,624.59,589.27,624.59,542.18,送
102.14,548.55,103.37,556.27,129.5,557.2,130.43,549.73,e100ml
133.7,550.67,133.7,556.73,176.63,555.8,177.1,548.8,3.5FL.OZ
245.7,546.93,246.17,554.4,278.37,555.33,278.37,546.93,e100ml
283.03,547.87,284.43,555.8,327.37,553.0,327.37,544.6,3.5FL.OZ
388.03,487.67,388.03,495.6,412.3,495.6,412.3,487.67,e128g
416.97,488.6,416.97,496.53,440.77,496.53,440.77,488.6,4.5FL
445.9,488.13,445.9,496.07,457.57,496.07,457.57,488.13,OZ
396.43,474.13,396.43,480.2,451.03,480.2,451.03,474.13,###
385.7,464.33,385.7,470.4,460.83,470.4,460.83,464.33,###
378.7,253.4,378.7,259.47,471.57,259.47,471.57,253.4,###
399.7,242.67,399.7,250.13,451.97,250.13,451.97,242.67,MELATONIN
376.83,212.8,376.83,234.73,464.1,234.73,464.1,212.8,EXCEL
465.5,211.87,465.5,234.73,473.43,234.73,473.43,211.87,萱姿
330.17,284.67,330.17,308.93,336.23,308.93,336.23,284.67,萱姿
242.9,287.93,242.9,310.33,328.77,310.33,328.77,287.93,EXCEL
259.23,319.67,259.23,327.6,316.17,327.6,316.17,319.67,MELATONIN
234.97,332.27,234.97,338.8,334.83,336.93,336.7,331.33,###
241.5,344.87,240.57,349.07,272.77,350.0,271.83,344.87,###
275.57,344.87,274.63,348.6,317.1,348.6,317.1,343.47,###
318.97,343.0,318.97,348.6,332.97,346.73,333.43,342.07,###
120.63,373.8,120.63,379.4,155.63,379.4,155.63,373.8,###
107.57,365.87,106.63,371.0,171.03,371.0,170.57,366.33,###
93.57,353.73,92.63,359.8,137.43,361.67,135.1,354.67,###
138.83,355.6,138.83,361.2,185.03,358.87,186.9,352.8,###
112.23,343.0,112.23,351.87,164.5,351.87,164.5,343.0,MELATONIN
99.63,314.07,99.63,336.47,177.1,336.47,177.1,314.07,EXCEL
178.5,312.67,178.5,334.6,185.5,334.6,185.5,312.67,萱姿
31.03,18.67,31.03,65.8,227.03,65.8,227.03,18.67,超值套餐
270.43,21.0,270.43,64.4,671.56,63.88,673.31,23.63,萱姿新活补水保湿套
543.43,560.93,543.43,565.6,569.1,565.6,569.1,560.93,###
544.37,540.4,544.37,545.07,576.57,545.07,576.57,540.4,###
542.03,533.4,542.5,539.0,574.23,538.53,573.3,532.93,###
542.97,524.07,543.43,530.6,574.23,530.13,572.83,522.2,###
548.1,514.73,548.1,522.2,559.77,522.2,560.23,514.73,蜗牛
545.3,484.87,546.7,497.47,570.97,496.07,570.97,483.47,WEN
571.43,483.93,571.43,496.07,576.1,496.07,576.1,483.93,###
597.1,469.0,597.1,490.93,600.37,490.93,600.37,469.0,###
596.63,491.87,596.63,497.93,600.37,497.93,600.37,491.87,###
597.57,499.8,597.57,508.67,600.37,508.67,600.37,499.8,###
597.57,510.07,597.57,514.27,600.83,514.27,600.83,510.07,###
597.57,516.13,597.57,520.33,601.77,520.33,601.77,516.13,###
597.57,522.67,597.57,532.93,602.23,532.93,602.23,522.67,###
