235.13,369.75,236.63,379.5,283.13,377.25,283.88,363.75,ssait
290.63,363.75,290.63,373.5,313.88,373.5,313.88,363.75,en
220.13,340.5,220.13,351.75,265.13,351.75,262.13,339.0,sons
268.13,335.25,269.63,351.0,357.38,342.75,354.38,324.0,toujours
253.88,306.75,253.88,318.75,345.38,311.25,347.63,298.5,###
351.38,292.5,355.13,309.75,382.88,305.25,382.88,289.5,n'a
511.88,104.25,511.88,114.0,542.63,114.0,542.63,104.25,###
626.63,131.25,637.88,167.25,652.13,165.75,644.63,130.5,###
7.88,140.25,7.88,181.5,144.11,181.07,146.25,142.5,买5送1
1.88,3.0,1.88,132.0,44.63,132.0,44.63,3.0,批发价
47.63,21.0,47.63,131.25,300.38,131.25,300.38,21.0,4.89
301.13,96.0,301.13,129.75,336.38,129.75,336.38,96.0,元
348.75,26.79,347.68,133.93,743.63,138.75,743.63,29.25,3条包邮
166.61,142.5,166.61,182.14,335.89,182.14,335.89,142.5,买10送2
454.82,52.5,455.89,61.07,474.11,57.86,471.96,50.36,###
