10.49,6.0,10.49,35.55,243.94,35.55,243.94,6.0,原版高清快速发货
19.06,47.55,19.06,66.82,116.29,66.82,116.29,47.55,WORLD'S
125.29,47.97,125.29,67.68,236.65,67.68,236.65,47.97,RELIGIONS
96.16,79.24,96.16,89.09,161.27,89.09,161.27,79.24,###
18.63,107.08,18.63,120.36,55.04,120.36,55.04,107.08,###
57.18,109.65,57.18,119.51,90.59,119.51,90.59,109.65,Fleser
136.85,108.8,136.85,119.51,177.97,119.51,177.97,108.8,###
106.87,108.8,106.87,119.51,133.43,119.51,133.43,108.8,###
0.64,289.55,0.64,313.97,59.75,313.97,59.75,289.55,查找：
77.74,289.13,77.74,315.25,129.57,315.25,129.57,289.13,题库
146.28,289.55,146.28,315.25,252.07,315.25,252.07,289.55,课后习题
-0.21,132.78,1.07,157.2,94.02,53.11,79.46,43.69,QQ:544923809
51.61,188.47,35.34,178.62,120.15,79.67,135.57,88.24,QQ:544923809
25.49,251.0,47.33,273.7,213.52,90.38,188.25,71.1,QQ:544923809
110.3,248.0,125.29,258.29,209.67,157.63,196.39,146.49,QQ:544923809
161.27,273.7,179.69,285.7,256.79,190.61,251.65,168.76,QQ:544923809
