40.25,109.67,40.25,130.67,166.25,130.67,166.25,109.67,MAGICO
65.92,446.83,90.42,477.17,39.08,522.67,16.92,498.17,12月
167.42,448.0,191.92,472.5,85.75,569.33,63.58,546.0,新品上市
54.25,613.67,54.25,655.67,365.75,655.67,365.75,613.67,莱纪贴纸满十张
380.92,630.0,380.92,654.5,450.92,654.5,450.92,630.0,（可选）
469.58,613.67,469.58,656.83,643.42,656.83,643.42,613.67,全国包邮
258.42,155.17,258.42,185.5,435.75,185.5,435.75,155.17,MAGICO
580.42,54.83,587.42,77.0,501.08,105.0,494.08,82.83,实物拍摄
630.58,147.0,635.25,157.5,552.42,184.33,548.92,175.0,qcmjpt888
678.42,105.0,684.25,116.67,442.75,194.83,441.58,182.0,https：//shop117687364.taobao.com
645.75,73.5,657.42,102.67,469.58,164.5,455.58,137.67,青橙美甲批发
85.75,134.17,85.75,151.67,121.92,151.67,121.92,134.17,莱纪
505.94,185.11,513.72,196.78,543.28,187.44,545.61,175.0,微信：
