33.13,96.25,33.13,205.0,61.88,205.0,61.88,96.25,购物就送
68.13,96.25,68.13,202.5,93.13,202.5,93.13,96.25,店家有礼
94.38,328.75,94.38,371.25,348.13,371.25,348.13,328.75,SANCESTY?
170.63,268.75,170.63,295.0,241.88,295.0,241.88,268.75,SIZ
140.63,378.75,140.63,393.75,289.38,393.75,289.38,378.75,OriginofHealthSkin
101.88,420.0,101.88,441.25,331.88,441.25,331.88,420.0,ACTIVATINGBEDTIME
148.13,447.5,148.13,467.5,285.63,467.5,285.63,447.5,FACIALMASK
93.13,487.5,93.13,503.75,340.63,503.75,340.63,487.5,NourishBeautifySkin
136.88,516.25,136.88,526.25,296.88,526.25,296.88,516.25,###
180.63,532.5,180.63,543.75,250.63,543.75,251.88,531.25,complexion
160.63,545.0,160.63,573.75,588.07,577.5,588.13,545.0,杨儒玉化妆品正品直销商城
143.13,576.25,143.13,596.25,290.63,596.25,290.63,576.25,e75g2.64OZ.
475.63,447.5,475.63,485.0,666.88,485.0,666.88,447.5,SANCEST
534.38,386.25,534.38,408.75,598.13,408.75,598.13,386.25,SIZ
510.63,493.75,510.63,506.25,636.88,506.25,636.88,493.75,OriginofHealthSkin
484.38,530.0,484.38,541.25,660.63,541.25,660.63,530.0,Constantlyreplenishtherequired
465.63,545.0,465.63,557.5,669.38,557.5,669.38,545.0,###
503.13,565.0,503.13,575.0,640.63,575.0,640.63,565.0,###
491.88,581.25,491.93,591.14,651.88,592.5,651.88,581.25,moist.tenderandhelthyskin
131.88,687.5,131.88,747.5,618.13,747.5,618.13,687.5,圣洁之缘正品专卖
653.13,713.75,653.13,746.25,746.88,746.25,746.88,713.75,实体店
