28.26,50.58,28.26,126.93,74.87,126.93,74.87,50.58,韩国
41.15,157.68,41.15,298.49,66.94,298.49,66.94,157.68,ENPRANI
36.2,324.28,36.2,506.74,68.92,506.74,68.92,324.28,专柜正品代购
264.28,160.65,264.28,172.55,186.93,172.55,186.93,160.65,Oatmeal
406.09,184.45,406.09,194.37,334.69,194.37,334.69,184.45,Oatmeal
441.79,154.7,441.79,167.59,351.55,167.59,351.55,154.7,Natural
432.86,209.24,432.86,220.15,342.62,220.15,342.62,209.24,MultiCleanser
419.97,227.09,419.97,235.03,343.61,235.03,343.61,227.09,###
432.86,439.31,432.86,451.21,356.5,451.21,356.5,439.31,NatuerBe：
544.92,474.02,544.92,507.73,409.06,507.73,409.06,474.02,果家铺子
347.58,474.02,347.58,514.68,375.35,514.68,375.35,474.02,M
289.07,425.43,289.07,502.78,339.65,502.78,339.65,425.43,M
279.15,534.51,279.15,549.38,550.87,549.38,550.87,534.51,Http：//Enprani.taobao.com
206.76,517.65,206.76,529.55,287.09,529.55,287.09,517.65,NatuerBe：
220.65,385.76,221.64,399.64,183.95,405.59,180.98,394.68,###
210.73,372.87,213.7,385.76,185.94,391.71,182.96,380.8,###
350.55,344.11,354.52,356.01,330.72,361.96,328.74,350.06,###
359.48,355.02,362.45,368.9,329.73,374.85,324.77,364.93,###
187.92,208.25,187.92,217.18,269.24,217.18,269.24,208.25,###
185.94,188.42,185.94,197.34,281.14,197.34,281.14,188.42,MultiCleanser
209.74,128.92,209.74,143.79,289.07,143.79,289.07,128.92,Natur
188.91,110.08,188.91,119.99,245.44,119.99,245.44,110.08,Bethe
114.54,67.43,114.54,81.32,146.27,81.32,146.27,67.43,###
114.54,51.57,114.54,64.46,192.88,64.46,192.88,51.57,###
113.55,34.71,113.55,50.58,173.05,50.58,173.05,34.71,###
331.71,135.86,331.71,147.76,387.25,147.76,387.25,135.86,Bethe
