17.2,8.88,17.2,34.41,196.28,34.41,196.28,8.88,设计师的银店
6.84,37.74,6.84,54.76,208.87,54.76,208.87,37.74,shejishideyindian
-0.18,85.47,6.1,121.73,158.54,91.02,149.29,58.09,下单即送
242.16,355.2,242.16,375.92,281.01,375.92,281.01,355.2,包邮
312.83,378.51,312.83,395.9,335.77,395.9,335.77,378.51,SF
343.55,374.44,343.55,386.28,400.89,386.28,400.89,374.44,EXPRESS
344.28,387.39,344.28,399.23,356.5,399.23,356.5,387.39,顺
359.82,387.76,359.82,398.86,370.19,398.86,370.19,387.76,丰
373.51,387.02,373.51,399.6,385.36,399.6,385.36,387.02,速
389.06,387.76,389.06,400.34,400.52,400.34,400.52,387.76,运
