205.28,378.65,205.28,394.25,318.74,394.25,318.74,378.65,FMHK香港代购
154.94,324.76,154.94,362.35,293.92,362.35,293.92,324.76,LONDON
569.05,151.04,571.17,170.18,656.26,172.31,656.26,151.04,LONDON
466.23,149.62,466.23,166.64,562.66,166.64,562.66,149.62,FMHK香港代
216.63,112.75,216.63,126.22,249.95,126.22,249.95,112.75,###
605.92,15.6,605.92,24.82,627.9,24.82,627.9,15.6,###
464.1,379.36,464.1,395.67,565.5,395.67,565.5,379.36,###
571.88,559.47,571.88,583.58,659.81,583.58,659.81,559.47,LONDON
613.01,491.4,613.01,498.49,627.9,498.49,627.9,491.4,###
605.92,422.62,605.92,433.25,627.19,433.25,627.19,422.62,###
221.59,224.07,221.59,231.16,244.28,231.16,244.28,224.07,###
612.3,82.25,612.3,89.35,627.19,89.35,627.19,82.25,###
464.81,605.56,464.81,622.58,581.81,622.58,581.81,605.56,FMHK香港代购
205.99,604.85,205.99,621.16,319.45,621.16,319.45,604.85,FMHK香港代购
205.28,148.2,205.28,165.22,318.03,165.22,318.03,148.2,###
