6.6,771.9,6.6,793.65,134.1,793.65,134.1,771.9,请试穿后代购
74.1,525.9,74.1,555.9,524.85,555.9,524.85,525.9,###
119.1,365.4,119.1,436.65,496.35,436.65,496.35,365.4,安贝小铺
596.85,252.15,596.85,1.65,527.85,1.65,527.85,252.15,正品代购
282.6,99.9,281.85,117.15,312.6,117.9,312.6,99.9,ES
2.1,69.15,2.1,83.4,121.35,83.4,121.35,69.15,正品代购安贝小铺
23.1,42.9,23.1,60.9,101.1,60.9,101.1,42.9,专柜拍摄
3.6,3.9,3.6,33.9,120.6,33.9,120.6,3.9,专柜货源
270.6,240.9,270.6,258.15,304.35,258.15,302.1,240.9,ES
316.35,258.15,316.35,247.65,306.6,247.65,306.6,258.15,###
322.35,246.9,322.35,240.15,305.1,240.15,305.1,246.9,###
274.35,264.9,274.35,270.9,291.6,270.9,291.6,264.9,###
293.85,262.65,293.85,267.9,321.6,267.9,321.6,262.65,###
278.85,273.15,278.85,277.65,314.1,277.65,314.1,273.15,###
