283.3,300.68,282.61,316.36,420.34,319.09,421.02,304.77,LAROCHE-POSAY
282.61,317.73,283.3,330.0,420.34,333.41,421.02,322.5,LABORATOREDERMATOLOGIQUE
63.07,327.95,40.57,366.14,263.52,366.14,263.52,323.18,ShopWeChat：
268.3,387.95,269.66,407.73,394.43,412.5,395.8,394.09,CICAPLAST
392.39,432.95,393.07,415.91,310.57,414.55,310.57,432.95,LAVANT
431.25,430.91,432.61,393.41,396.48,393.41,396.48,431.59,B5
274.43,433.64,277.16,445.23,422.39,447.95,425.8,437.05,###
259.43,475.23,260.11,486.82,322.16,497.05,324.2,486.14,###
325.57,498.41,327.61,486.14,430.57,481.36,431.25,492.95,ASSAINISSANTAPASA
302.39,501.82,303.07,512.05,394.43,513.41,395.11,503.18,###
287.39,511.36,286.7,520.91,343.98,525.68,343.3,518.86,###
343.98,526.36,346.02,516.14,410.11,513.41,410.8,522.27,###
267.61,517.5,268.3,525.68,318.75,537.95,316.7,529.77,###
320.8,527.73,318.75,536.59,376.7,537.27,376.7,527.73,###
377.39,529.77,378.75,537.27,427.84,529.77,427.84,521.59,###
318.07,549.55,316.7,559.09,378.07,560.45,378.07,551.59,###
266.93,554.32,266.25,563.86,346.7,574.77,348.75,565.23,###
346.7,574.09,351.48,563.86,428.52,555.0,430.57,564.55,###
260.8,570.0,260.8,580.91,303.75,593.18,305.11,582.95,PLRIFYING
307.16,582.27,304.43,593.86,369.89,596.59,369.89,585.68,SOOTHING
373.3,583.64,371.25,596.59,420.34,587.05,418.98,577.5,FOAMING
312.61,599.32,313.3,610.91,380.11,611.59,380.11,602.73,###
402.61,610.91,401.93,621.14,321.48,623.86,320.11,614.32,###
290.8,607.5,291.48,619.09,321.48,622.5,319.43,614.32,###
416.25,619.77,416.25,628.64,341.93,635.45,342.61,627.27,###
338.52,638.18,341.25,626.59,294.2,621.82,293.52,632.05,###
275.8,615.68,274.43,623.18,293.52,630.68,294.89,622.5,###
354.89,658.64,354.2,666.82,431.25,651.14,434.66,640.23,###
349.43,675.68,350.11,667.5,395.11,663.41,395.8,670.91,###
398.52,669.55,399.89,660.0,433.98,648.41,432.61,655.23,###
344.66,702.95,345.34,694.77,285.34,685.23,285.34,694.77,###
256.02,664.77,255.34,679.77,284.66,694.09,285.34,679.77,###
443.52,128.86,443.52,156.82,507.61,160.23,507.61,147.27,夏紫?
511.7,181.36,515.8,166.36,471.48,158.18,469.43,175.23,###
292.16,345.68,290.8,364.77,403.3,364.77,403.3,346.36,xiexie713
429.89,573.41,431.25,582.95,419.66,587.05,420.34,575.45,###
