9.13,9.55,9.13,18.26,35.25,18.26,35.25,9.55,大红色
11.1,27.53,11.1,35.68,37.22,35.68,37.22,27.53,海藻蓝
11.1,47.47,11.1,55.62,28.79,55.62,28.79,47.47,黑色
10.53,67.7,10.53,76.41,36.38,76.41,36.38,67.7,酒红色
10.25,87.08,10.25,95.51,35.53,95.51,35.53,87.08,咖啡色
9.69,106.75,9.69,114.89,35.25,114.89,35.25,106.75,枚红色
9.97,125.57,9.97,133.43,35.25,133.43,35.25,125.57,墨绿色
9.41,144.11,9.41,153.38,35.53,153.38,35.53,144.11,紫罗兰
24.86,228.38,24.86,250.01,70.93,250.01,70.93,228.38,镇店
25.14,253.1,25.14,274.45,70.65,274.45,70.65,253.1,之宝
256.05,88.77,256.05,238.77,271.22,238.77,271.22,88.77,支持七天无理由退换货
281.05,63.77,281.05,267.99,299.59,286.81,299.59,63.77,大家都喜欢我也来一件吧！
