275.42,600.0,275.42,655.83,501.25,655.83,501.25,600.0,2000只
522.08,567.5,522.92,675.83,721.25,675.83,723.75,567.5,包邮
221.25,483.33,221.25,505.83,410.42,505.83,410.42,483.33,MEAS:52X38X30CM
205.13,363.0,206.25,386.67,586.88,379.5,592.92,355.0,NON-WOVENBLUEFACEMASK3-PLY
652.08,130.83,652.08,144.17,717.92,144.17,717.92,130.83,###
649.58,158.33,649.58,170.0,696.25,170.0,696.25,158.33,###
645.42,184.17,645.42,196.67,692.08,196.67,692.08,184.17,###
665.42,208.33,665.42,219.17,742.08,219.17,742.08,208.33,###
504.58,133.33,504.58,143.33,567.92,143.33,567.92,133.33,###
502.92,152.5,504.38,163.5,570.38,163.5,572.92,152.5,###
354.58,134.17,354.58,145.0,416.25,145.0,416.25,134.17,###
352.92,155.0,352.92,165.0,422.92,165.0,422.92,155.0,###
258.75,149.17,258.75,140.83,210.42,142.5,209.58,150.0,###
201.25,162.5,200.42,173.33,267.92,167.5,269.58,157.5,###
52.08,130.0,52.08,139.17,103.75,139.17,103.75,130.0,###
13.75,246.67,112.92,142.5,149.58,185.83,53.75,285.0,HOT
213.75,425.0,216.25,452.5,365.63,446.25,364.58,423.33,QTY:2000PCS
210.42,36.67,210.42,86.67,422.92,86.67,422.92,36.67,三层口罩
438.75,35.0,438.75,88.33,651.25,88.33,651.25,35.0,气色可选
