114.2,364.8,114.2,376.4,165.0,376.4,165.0,364.8,Coloring
170.6,364.4,170.6,376.0,205.8,376.0,205.8,364.4,Books
212.2,365.6,212.2,376.4,285.8,376.4,285.8,365.6,Wonderland
146.2,236.0,155.8,268.0,271.8,221.6,261.0,194.0,快速发货
9.0,227.2,19.0,253.2,222.6,177.2,212.6,149.2,kindle高清原版
227.8,142.4,240.2,170.0,361.4,117.6,356.6,95.2,可转换PDF
56.6,110.0,56.6,145.2,177.8,145.2,177.8,110.0,FLOWER
184.2,110.4,184.2,145.2,281.8,145.2,281.8,110.4,BOUOI
288.2,111.6,288.2,143.6,344.2,143.6,344.2,111.6,###
162.2,69.6,162.2,101.6,239.0,101.6,239.0,69.6,REAL
53.0,24.0,53.0,47.2,184.2,47.2,184.2,24.0,RELAXING
195.4,24.8,195.4,45.2,213.8,45.2,213.8,24.8,&
220.6,22.0,220.6,46.8,347.8,46.8,347.8,22.0,CALMING
