23.56,725.33,23.56,783.11,776.44,783.11,776.44,725.33,合金刀架+收藏盒+特级金刀片
540.89,591.11,562.22,624.89,580.89,620.44,558.67,592.0,###
143.14,661.14,140.86,670.29,229.43,650.86,232.29,642.29,###
187.71,645.71,188.86,652.57,231.71,642.29,231.14,637.14,###
255.71,615.43,256.29,621.71,273.43,618.29,271.71,612.57,###
256.86,614.86,256.86,616.57,254.0,616.57,254.0,614.86,###
248.29,630.29,252.29,635.43,278.57,629.14,276.29,624.0,###
313.43,597.14,311.71,608.0,336.29,602.86,334.0,593.71,美国
304.29,608.0,303.14,618.29,342.57,609.14,344.29,600.0,进口刀片
303.71,617.71,302.0,624.0,342.0,614.29,343.71,609.14,###
90.0,550.29,93.43,584.0,122.57,624.57,121.43,585.71,###
91.14,584.0,90.0,585.14,115.78,626.22,116.29,620.57,###
94.0,595.11,94.44,616.44,124.22,650.67,123.33,637.78,###
94.44,530.67,93.11,537.78,109.11,556.89,110.0,551.11,###
91.78,472.0,89.11,478.22,112.67,508.44,114.89,499.56,###
90.44,456.89,89.11,466.22,111.33,492.0,110.0,481.33,###
76.22,299.56,74.89,304.44,107.78,338.22,111.33,332.89,###
75.78,283.56,76.22,294.67,95.33,311.11,94.44,301.78,###
77.11,310.22,77.56,316.0,110.44,348.89,109.56,342.22,###
78.0,319.56,78.89,328.0,109.11,357.78,111.33,352.89,###
78.44,328.89,78.0,336.0,110.0,368.89,110.0,361.33,###
79.33,339.11,80.22,347.11,99.33,369.33,101.56,363.11,###
72.67,227.56,73.56,236.0,84.67,244.89,84.22,234.22,###
74.0,238.67,74.0,250.67,106.44,278.67,106.0,267.56,###
151.78,250.67,141.56,283.56,258.89,272.89,267.33,242.67,BAILI
267.33,240.89,267.33,247.56,274.89,247.56,274.89,240.89,R
280.67,239.11,274.0,270.22,329.11,263.11,337.11,232.44,百利
145.11,179.56,142.44,188.89,223.78,183.56,222.44,174.22,BAILI
232.67,173.78,236.22,182.67,274.89,177.78,271.33,170.67,百利
201.56,309.78,195.33,337.33,278.0,328.0,286.44,296.44,凯旋
134.89,348.44,142.44,366.22,245.11,352.89,243.78,338.67,VICTORY
254.89,336.44,258.0,350.67,342.89,338.22,338.89,324.0,SHAVER
176.22,365.78,177.11,383.11,315.78,362.22,315.33,348.0,精品双面剃须刀
66.89,87.11,66.89,105.78,216.67,105.78,216.67,87.11,让世界享受剃须
44.22,33.33,34.44,63.56,155.78,63.11,166.0,33.33,BAILI
167.33,33.33,167.33,39.56,171.33,39.11,172.67,33.33,R
246.44,32.89,246.44,39.11,253.11,39.11,253.11,32.89,H
178.57,354.86,178.57,354.29,179.14,354.29,179.14,354.86,###
124.29,52.57,124.29,52.57,123.71,52.57,123.71,52.57,###
182.57,32.57,174.0,62.86,236.29,64.0,243.71,32.0,百利
