101.94,464.44,101.94,477.78,224.17,477.78,224.17,464.44,onlinesheetmusic
111.39,451.67,111.39,462.78,170.28,462.78,170.28,451.67,Distrlbuedby
207.5,374.44,207.5,387.22,303.06,387.22,303.06,374.44,NovatoMusicPress
201.94,275.56,201.94,292.78,298.06,292.78,298.06,275.56,PianoSolo
107.5,80.0,107.5,112.22,244.72,112.22,244.72,80.0,Charles
257.5,79.44,257.5,112.22,392.5,112.22,392.5,79.44,Edward
220.83,126.11,220.83,157.22,292.5,157.22,292.5,126.11,lves
112.5,193.89,112.5,215.56,385.28,215.56,385.28,193.89,###
190.83,222.78,190.83,242.22,314.72,242.22,314.72,222.78,TheAlcotts
62.5,261.67,74.72,297.22,405.28,215.56,402.5,176.67,3060419708
