37.33,22.67,37.33,90.67,509.33,90.67,509.33,22.67,男人就得好面子
106.67,124.0,106.67,168.0,308.0,168.0,308.0,124.0,正品行货
105.33,180.0,105.33,226.67,312.0,226.67,312.0,180.0,全国包邮
16.0,248.0,16.0,298.67,309.33,298.67,309.33,248.0,进店有惊喜！！
457.33,157.33,457.33,217.33,724.0,217.33,724.0,157.33,买二送一
490.67,100.0,490.67,138.67,573.33,138.67,573.33,100.0,活动
578.67,93.33,578.67,141.33,724.0,141.33,724.0,93.33,大促销
264.0,366.67,264.0,385.33,374.67,385.33,374.67,366.67,男人就得好面子
453.33,352.0,453.33,394.67,530.67,394.67,530.67,352.0,ON
278.67,409.33,278.67,450.67,532.0,450.67,532.0,409.33,MENONLY
750.67,9.33,750.67,48.0,768.67,46.67,770.67,9.33,1
346.67,472.0,346.67,488.0,410.67,488.0,410.67,472.0,LCY LIVE
414.67,473.33,414.67,488.0,524.0,488.0,524.0,473.33,CharcoalCleanser
350.67,508.0,350.67,526.67,401.33,526.67,401.33,508.0,泊泉雅
406.67,508.0,406.67,526.67,530.67,526.67,530.67,508.0,酷爽活炭洁面乳
350.67,529.33,350.67,546.67,496.0,546.67,496.0,529.33,Passionandcharm
41.33,696.0,41.33,750.67,256.0,750.67,256.0,696.0,活碳控油
307.33,704.0,307.33,753.33,524.67,753.33,524.67,704.0,酷爽洁净
264.67,670.67,264.67,698.67,408.67,698.67,408.67,670.67,Oil.Control
