624.82,28.43,624.82,45.49,549.47,45.49,549.47,31.28,mitupa
397.36,44.07,397.36,56.87,168.47,68.24,165.62,54.02,Entsprichtdenneuesten
312.06,73.93,310.63,89.56,169.89,93.83,169.89,76.77,Empfehlungen
295.0,100.94,295.0,119.42,171.31,119.42,171.31,106.63,zurZusammen
174.15,126.53,174.15,137.9,185.53,137.9,185.53,126.53,###
657.52,190.5,654.68,251.63,249.5,260.17,249.5,190.5,Aptamiltm
637.62,280.07,637.62,302.81,498.29,302.81,498.29,280.07,Prebiotics
469.86,291.44,469.86,304.24,495.45,304.24,495.45,291.44,mit
532.41,392.38,532.41,406.6,370.34,406.6,370.34,392.38,Fureinegesunde
488.34,415.13,488.34,429.34,414.42,429.34,414.42,415.13,Zukunft
509.67,439.3,509.67,453.51,394.51,453.51,394.51,435.03,IhresKindes
592.12,503.27,592.12,521.75,351.86,521.75,351.86,503.27,娜娃的母婴代购小铺
540.94,607.05,540.94,631.22,280.78,631.22,280.78,607.05,Kindermilich
295.0,672.45,295.0,680.98,333.38,680.98,333.38,672.45,###
356.13,672.45,356.13,680.98,405.89,680.98,405.89,672.45,Vltamit
410.15,671.03,410.15,680.98,422.95,680.98,422.95,671.03,D
464.17,688.09,464.17,696.62,488.34,696.62,488.34,688.09,jod
597.81,639.75,597.81,652.54,619.14,652.54,619.14,639.75,ab
646.15,706.57,646.15,716.52,680.27,716.52,680.27,706.57,jahi
641.88,648.28,641.88,713.68,606.34,713.68,606.34,648.28,1
648.99,651.12,648.99,685.24,684.53,685.24,684.53,651.12,+
208.27,739.27,208.27,779.07,465.6,779.07,465.6,739.27,拍下立减10元
498.29,727.89,498.29,796.13,630.51,796.13,630.51,727.89,超省
378.87,696.62,378.87,705.15,424.37,705.15,424.37,696.62,###
391.67,682.4,391.67,693.77,407.31,693.77,407.31,682.4,&
174.15,744.95,174.15,759.17,105.91,759.17,104.49,746.38,###
165.62,762.01,165.62,769.12,107.34,769.12,107.34,762.01,###
330.54,682.4,330.54,688.09,299.26,688.09,299.26,682.4,###
727.18,659.65,727.18,679.56,745.66,679.56,745.66,659.65,###
707.28,726.47,707.28,735.0,739.98,735.0,739.98,726.47,###
