129.35,44.2,129.35,111.8,143.65,111.8,143.65,44.2,100%精品
105.95,117.0,105.95,182.0,156.65,182.0,156.65,117.0,灵
117.65,191.1,117.65,222.3,150.15,222.3,150.15,191.1,水
120.25,235.3,120.25,269.1,151.45,269.1,151.45,235.3,晶
118.95,278.2,118.95,315.9,152.75,315.9,152.75,278.2,阁
94.25,187.2,94.25,401.7,105.95,401.7,105.95,187.2,http://tisjg88.taobao.com
64.35,136.5,64.35,232.7,87.75,232.7,87.75,136.5,实物拍摄
51.35,55.9,51.35,131.3,112.45,131.3,112.45,55.9,通
53.95,672.1,53.95,751.4,720.85,751.4,720.85,672.1,买1個也是批發價！
65.65,243.1,65.65,336.7,89.05,336.7,89.05,243.1,请勿转载
