306.24,759.81,306.24,779.81,425.44,779.81,425.44,759.81,净含量：10ml
306.24,671.01,306.24,693.41,435.84,693.41,435.84,671.01,净含量：10ml
306.24,623.81,305.44,635.01,418.24,639.01,417.44,626.21,aroundtheeyes
300.64,607.81,303.04,616.61,504.64,618.21,506.24,605.41,especlaiiyintheforeheadand
301.44,588.61,304.64,599.01,452.64,601.41,451.04,591.01,thedepthofwrinkles
454.24,591.81,456.64,603.01,512.64,597.41,512.64,587.01,ontheface
307.04,572.61,305.44,583.81,473.44,584.61,472.64,571.81,ofavarietyofBotox-like
304.64,555.01,303.04,564.61,459.84,565.41,459.84,556.61,Patentedcombination
303.04,505.41,303.04,535.01,355.04,535.01,355.04,505.41,抗皱
363.84,507.81,363.84,536.61,448.64,536.61,448.64,507.81,肽原液
305.44,463.01,303.04,475.81,514.24,474.21,515.84,459.01,multi-peptidesessence
306.24,419.01,307.84,449.41,498.24,450.21,497.44,416.61,anti-wrinkle
462.24,551.81,462.24,565.41,520.64,561.41,523.04,548.61,###
475.84,570.21,479.04,581.41,520.64,579.01,518.24,567.01,###
31.04,85.5,31.04,166.3,155.84,166.3,155.84,85.5,肽莊
35.04,40.7,35.04,79.9,158.24,79.9,158.24,40.7,TAZAM
171.84,59.1,171.84,109.5,443.84,109.5,443.84,59.1,凝聚精华
313.44,120.7,313.44,150.3,467.84,150.3,467.84,120.7,抗皱首选
484.64,120.7,484.64,151.9,637.44,151.9,637.44,120.7,修复新品
492.64,58.3,492.64,110.3,763.84,110.3,763.84,58.3,魅力丽动人
223.04,19.1,223.04,44.7,395.04,44.7,395.04,19.1,NATURAL
402.24,21.5,402.24,43.9,522.24,43.9,522.24,21.5,HERBS
531.84,20.7,531.84,44.7,717.44,44.7,717.44,20.7,EXTRACTS
