279.38,292.5,279.58,311.67,480.42,310.83,481.25,294.17,KEEPOUTOFREACHOFCHLDREN
323.13,261.25,323.13,288.75,438.13,288.75,438.13,261.25,CAUTION
240.63,372.5,240.63,405.0,378.13,405.0,378.13,372.5,Restoria
243.13,490.0,244.58,513.33,502.08,511.67,501.88,490.0,ColourRestoringCream
246.25,574.17,245.42,589.17,517.08,590.0,516.25,575.0,Graduallyrestoresnaturallooking
246.25,598.33,246.25,611.67,392.08,611.67,394.58,599.17,colourtogreyhair
411.88,747.5,411.88,776.25,599.38,776.25,599.38,747.5,###
408.13,782.5,411.88,812.5,675.63,812.5,675.63,787.5,zaiyizaiku.taobao.com
451.88,861.25,451.88,881.25,525.63,876.25,524.38,856.25,250ML
235.63,420.0,235.63,483.75,513.13,483.75,513.13,420.0,Discreet
253.75,805.83,255.42,841.67,266.25,841.67,263.75,808.33,AUSIRA
266.25,840.0,260.42,849.17,293.75,861.67,295.42,853.33,LIAN
297.92,849.17,306.25,858.33,328.75,834.17,317.08,830.83,FORM
316.25,807.5,316.25,829.17,323.75,822.5,326.25,807.5,ULA
263.75,786.67,267.92,797.5,288.75,790.83,291.25,780.83,FAM
292.08,782.5,288.75,790.83,313.75,800.0,316.25,790.0,OUS
321.25,895.83,321.25,908.33,381.25,908.33,381.25,895.83,Contains:
385.42,895.0,387.08,907.5,419.58,905.83,421.25,892.5,LEAD
424.58,895.0,425.42,905.0,483.75,901.67,483.75,887.5,ACETATE
487.92,885.83,488.75,897.5,526.25,896.67,526.25,885.0,5mg/g
