7.6,15.2,7.6,60.8,102.8,60.8,102.8,15.2,美肤
482.0,146.4,482.0,156.0,398.8,156.0,398.8,146.4,PROTECTION
382.8,104.0,382.8,116.0,419.6,116.0,419.6,104.0,###
542.0,30.4,542.0,56.0,598.0,56.0,598.0,30.4,兰薇
613.2,32.0,613.2,56.8,756.4,56.8,756.4,32.0,LANWELL
426.0,284.8,426.0,300.0,434.8,300.0,434.8,284.8,3
451.6,312.8,452.4,323.2,358.0,325.6,358.0,316.0,AgeDefyingFusion'
450.8,437.6,450.8,444.8,419.6,448.0,419.6,440.0,Tinted
382.0,479.2,382.0,488.0,417.2,488.0,417.2,479.2,SPF40
437.2,492.0,437.2,500.0,360.4,500.0,359.6,494.4,BroadSpectrum
431.6,505.6,431.6,512.8,368.4,512.8,368.4,505.6,WsterResistant
427.6,516.0,427.6,525.6,371.6,525.6,371.6,516.0,（80Minutes）
438.8,536.0,438.8,546.4,357.2,546.4,357.2,536.0,Net.Wt.1.75OL/50g
571.6,467.2,571.6,513.6,667.6,513.6,667.6,467.2,清爽
702.8,525.6,702.8,574.4,554.0,574.4,554.0,525.6,不油腻
110.0,736.8,110.0,787.2,688.4,787.2,688.4,736.8,兰薇全球购香港实体专家
395.6,427.2,395.6,434.4,352.4,434.4,352.4,427.2,Mineral
450.0,424.0,450.8,431.2,398.8,434.4,398.8,427.2,Sunscreen
323.6,424.8,323.6,430.4,348.4,433.6,349.2,428.0,Facial
323.5,257.0,322.8,294.4,427.6,294.4,425.5,257.0,TIZO'
