138.09,3.65,201.36,64.48,55.36,203.18,1.82,136.27,特价
522.56,57.18,473.89,119.23,611.38,226.3,657.61,163.03,正品
434.96,468.42,434.96,511.0,635.71,511.0,635.71,468.42,INSTANT
507.96,475.72,507.96,486.67,566.36,486.67,566.36,475.72,PERUME
587.04,513.43,587.04,529.25,479.97,529.25,479.97,513.43,30mle1.0FL..oz.
267.06,535.33,265.84,545.07,179.46,547.5,179.46,538.98,ParisPertume
292.61,546.28,292.61,560.88,161.21,565.75,162.42,551.15,30mle1.0FL..oz.
158.77,405.15,158.77,418.53,297.47,414.88,298.69,401.5,BRIGHTCERYTAL
479.97,450.17,479.97,473.28,591.91,473.28,591.91,450.17,INSTANT
144.17,367.43,144.17,396.63,314.51,394.2,315.72,363.78,INSTANT
