34.36,72.79,32.63,99.18,177.04,95.41,177.04,70.18,CAUDAL?E
149.2,98.89,149.2,102.66,177.63,102.66,177.63,98.89,###
229.82,126.15,232.43,144.13,324.94,139.78,324.94,122.38,CAUDAL?E
306.09,140.65,306.67,143.55,324.36,144.13,324.65,141.23,###
86.85,294.93,86.85,307.69,183.42,307.69,183.42,294.93,VINOSOURCE
255.63,276.08,255.63,286.23,319.72,286.23,319.72,276.08,VINOSOURCE
114.98,349.45,114.98,358.73,184.58,358.73,184.58,349.45,HYDRATANTE
264.04,312.91,264.04,319.29,291.59,319.87,291.31,312.33,CREME
273.9,322.48,273.9,329.44,319.72,329.44,319.72,322.48,HYDRATANTE
268.97,346.26,268.97,353.51,319.14,353.51,319.14,346.26,###
294.5,356.41,294.5,362.79,319.44,362.79,319.44,356.41,###
44.8,497.35,44.8,503.44,186.32,503.44,186.32,497.35,###
71.48,474.73,71.48,481.69,185.74,481.69,185.74,474.73,&Polilenolesantioxidances
105.7,450.66,105.7,457.33,153.26,457.33,153.26,450.66,Rchidraca.
157.03,450.37,157.03,456.17,185.45,456.17,185.45,450.37,Camornala
44.22,462.84,44.22,469.22,138.47,469.22,138.47,462.84,Aguadeuvabiologica.
141.38,463.13,141.38,468.93,184.29,468.93,184.29,463.13,Carmoinala
118.75,430.94,118.75,439.64,185.45,439.64,185.45,430.94,HIDRATANTE
94.39,418.47,94.39,428.04,133.25,428.04,133.25,418.47,CREMA
136.16,418.47,136.16,427.46,185.74,427.46,185.74,418.47,SORBETE
100.19,337.56,100.19,346.55,138.47,346.55,138.47,337.56,CREME
141.66,336.4,141.66,346.55,184.0,346.55,184.0,336.4,SORBET
104.25,370.33,104.25,376.42,149.2,376.42,149.2,370.33,Désdltere.
152.97,370.04,152.97,376.13,184.58,376.13,184.58,370.04,Apaise
62.78,383.09,62.78,389.47,135.0,389.47,135.0,383.09,Ewuderaisinbio.
137.6,382.8,137.6,388.6,184.58,388.6,184.58,382.8,Camomlile
61.04,394.98,61.04,401.36,185.16,401.36,185.16,394.98,&Polyphenoisantl-corydants
50.6,350.32,50.6,367.14,324.07,367.14,324.07,350.32,MacadEverything
294.5,312.33,294.5,320.16,319.44,320.16,319.44,312.33,SORBET
276.22,316.1,276.22,315.81,276.22,315.81,276.22,316.1,###
275.09,392.2,275.09,396.72,318.59,396.72,318.59,392.2,###
281.36,402.64,281.36,407.86,318.25,406.81,318.25,401.59,###
