154.0,13.6,154.0,73.6,338.0,73.6,338.0,13.6,NFA
330.8,4.0,330.8,18.4,344.4,18.4,344.4,4.0,?
21.2,11.2,21.2,42.4,120.4,42.4,120.4,11.2,福拉沃
7.6,48.8,7.6,69.6,136.4,69.6,136.4,48.8,汽车用品专营店
288.4,113.6,288.4,175.2,780.4,175.2,780.4,113.6,新店促销全国包邮
356.4,198.4,356.4,228.8,726.8,228.8,726.8,198.4,20W/MiNI款/车载逆变器
228.4,334.4,228.4,412.8,246.8,412.8,246.8,334.4,NFA
438.0,337.6,438.0,416.8,454.8,416.8,454.8,337.6,NFA
629.2,343.2,629.2,420.0,643.6,420.0,643.6,343.2,NFA
283.6,576.8,283.6,588.8,228.4,588.8,228.4,576.8,Inverter
230.8,570.4,230.8,589.6,164.4,592.0,167.6,573.6,MINI酷
183.6,556.0,183.6,565.6,159.6,565.6,159.6,556.0,Power
270.8,628.8,270.8,635.2,256.4,635.2,256.4,628.8,PSP
250.8,628.8,250.8,636.8,225.2,636.8,225.2,628.8,掌上电脑
217.2,630.4,217.2,637.6,204.4,637.6,204.4,630.4,MP3
193.2,630.4,193.2,639.2,180.4,639.2,180.4,630.4,手机
482.8,577.6,482.8,588.8,436.4,588.8,436.4,577.6,Inverter
438.0,572.0,437.2,589.6,378.0,592.0,380.4,573.6,MINI酷
394.0,557.6,394.0,567.2,374.8,567.2,374.8,557.6,Power
470.0,627.2,470.0,634.4,458.8,634.4,458.8,627.2,PSP
454.0,628.0,454.0,636.8,431.6,636.8,431.6,628.0,掌上电脑
425.2,629.6,425.2,637.6,413.2,637.6,413.2,629.6,MP3
402.8,632.0,402.8,640.0,392.4,640.0,392.4,632.0,手机
666.8,578.4,664.4,588.8,625.2,592.0,628.4,580.0,Inverter
626.0,574.4,624.4,591.2,574.0,596.0,572.4,577.6,MINI酷
656.4,628.0,656.4,636.0,645.2,636.0,645.2,628.0,PSP
641.2,629.6,641.2,637.6,621.2,637.6,621.2,629.6,掌上电脑
616.4,629.6,616.4,638.4,603.6,638.4,603.6,629.6,MP3
596.4,632.8,596.4,640.8,584.4,640.8,584.4,632.8,手机
587.6,561.6,587.6,570.4,570.0,570.4,570.0,561.6,Power
630.8,484.8,630.8,511.2,635.6,511.2,635.6,484.8,###
632.4,446.4,632.4,466.4,637.2,466.4,637.2,446.4,###
442.0,442.4,442.0,462.4,447.6,462.4,447.6,442.4,###
441.2,480.0,441.2,508.0,447.6,508.0,447.6,480.0,###
233.2,478.4,233.2,505.6,239.6,505.6,239.6,478.4,###
234.0,439.2,234.0,459.2,238.8,459.2,238.8,439.2,###
768.4,745.6,768.4,772.8,260.4,772.8,260.4,745.6,时尚小巧操作简单/多重保护安全实用
239.6,357.6,239.6,358.4,239.6,358.4,239.6,357.6,###
