276.73,181.09,276.73,208.73,302.91,208.73,302.91,181.09,禁
384.36,207.27,384.36,182.55,358.91,182.55,358.91,207.27,煙
290.77,259.08,290.77,249.23,370.77,249.23,370.15,257.23,###
285.23,276.92,285.85,267.69,378.15,265.23,377.54,273.85,###
292.62,301.54,292.62,312.0,373.23,310.77,373.23,297.85,###
278.46,286.15,278.46,294.77,377.54,292.31,377.54,283.69,###
279.69,277.54,279.69,284.92,376.92,283.08,376.31,274.46,###
657.54,187.69,658.15,209.23,799.08,208.0,799.08,188.92,###
671.69,259.69,671.69,273.23,730.77,270.77,731.38,257.23,TREATMENT
680.31,274.46,680.31,284.92,693.85,284.92,693.85,274.46,###
709.23,273.23,709.23,283.69,727.08,283.69,727.08,273.23,###
788.62,241.85,788.62,254.77,799.08,254.77,799.08,241.85,###
773.85,254.77,773.85,270.15,798.46,270.15,798.46,254.77,###
775.69,270.77,775.69,280.62,797.85,280.62,797.85,270.77,###
644.0,369.85,644.0,387.08,666.77,387.08,666.77,369.85,###
725.23,363.69,725.23,378.46,749.23,378.46,749.23,363.69,###
634.15,387.08,634.15,401.85,668.0,401.85,668.0,387.08,###
724.62,379.08,724.62,391.38,757.23,391.38,756.62,377.23,###
767.69,392.0,767.69,401.23,798.46,401.23,798.46,392.0,###
668.62,402.46,669.85,411.69,719.08,408.0,719.69,398.15,###
380.62,731.08,378.77,763.08,591.08,763.08,591.08,728.62,JKFashion
187.38,793.85,185.54,817.85,684.0,817.23,684.0,793.85,https：//jskstudio.taobao.com/shop
352.31,318.77,352.31,313.85,378.77,313.85,378.77,318.77,###
711.69,217.23,711.69,237.54,788.0,237.54,788.0,217.23,HAIRGARE
682.15,244.31,682.15,259.08,723.38,259.08,723.38,244.31,SHINIST
580.5,301.0,584.5,318.0,607.5,310.0,608.5,294.0,###
