107.82,67.42,107.82,125.26,224.62,125.26,224.62,67.42,包邮
55.04,170.74,55.04,187.03,108.38,187.03,108.38,170.74,RMB:
113.44,142.66,113.44,190.96,276.28,190.96,276.28,142.66,160.5
255.51,211.68,255.51,239.2,283.02,239.2,283.02,211.68,O
234.17,242.57,235.85,262.78,284.14,265.03,284.14,242.57,MEN
354.34,253.24,354.34,259.97,377.36,259.97,377.36,253.24,###
323.45,243.13,325.14,266.71,494.16,265.03,494.16,243.13,LOREAL
324.58,272.33,324.58,292.54,494.72,288.05,495.28,268.96,MENEXPERT
427.9,332.92,427.9,349.77,500.9,349.77,500.9,332.92,HYDRA
384.66,355.39,382.41,372.79,499.78,372.79,499.78,353.14,ENERGETIC
263.93,221.69,264.49,227.3,280.21,228.43,279.65,222.81,###
505.53,325.13,505.53,329.23,519.22,329.23,519.22,325.13,###
504.62,317.37,504.62,334.71,587.2,334.71,585.37,318.28,ORFAL
505.53,336.99,503.25,349.31,586.74,349.31,586.74,336.99,ENEXPERT
277.86,400.86,277.86,417.74,313.91,415.01,312.54,399.04,ENE
222.2,377.14,222.2,391.74,283.79,391.74,283.79,377.14,实体店铺
221.29,395.39,221.29,408.16,284.25,408.16,284.25,395.39,100%正品
325.31,389.0,324.86,402.69,396.94,402.69,396.94,386.72,欧莱雅男士
326.8,409.08,328.17,424.59,490.47,423.68,490.47,405.88,劲能深层净化洁面膏
402.42,418.2,402.42,417.74,402.42,417.74,402.42,418.2,###
255.05,410.9,255.05,421.85,470.86,421.85,470.86,410.9,###
296.57,374.4,296.57,406.79,503.71,406.79,502.79,377.59,成都化妆品网
331.24,437.28,332.16,447.77,364.55,446.86,364.55,437.28,维生素C
368.66,435.91,368.66,446.41,443.48,446.41,443.48,435.91,+抗氧化复合成分
346.76,461.92,345.84,472.87,391.01,472.87,391.01,460.55,立刻净化
397.86,460.55,397.86,471.5,445.31,471.5,445.31,460.55,深彻排浊
351.32,528.9,349.49,535.29,398.77,536.66,398.31,529.82,###
343.11,520.69,343.56,526.17,358.62,527.08,359.99,522.52,###
359.53,519.78,359.53,528.9,367.29,528.9,367.29,519.78,d
367.74,524.8,367.74,528.9,381.89,528.9,381.89,524.8,###
384.17,521.15,383.71,528.9,393.29,528.9,393.29,519.78,s
395.12,523.89,395.12,528.45,408.35,528.45,408.35,523.89,###
230.87,431.85,231.32,446.9,292.46,444.17,291.09,430.93,欧莱雅男士
232.24,451.47,231.78,472.91,317.56,465.15,315.73,447.36,劲能醒肤露
232.24,483.36,231.78,495.22,322.12,485.64,321.66,476.06,维生素C衍生物+咖啡因
314.36,497.46,314.36,510.24,329.87,510.24,329.87,497.46,抗化
302.96,514.8,303.41,527.12,330.33,523.93,330.33,511.15,持续保
283.79,530.77,281.51,543.09,331.7,537.61,331.7,525.3,焕发健康神
243.64,516.63,241.82,539.9,258.24,537.61,256.87,516.17,8
259.61,516.63,258.24,525.75,276.62,524.34,278.32,515.71,重功效
233.61,593.19,231.78,601.41,242.73,600.49,241.82,592.74,?
255.51,585.89,255.51,596.84,265.54,596.39,265.54,585.89,d
242.73,593.65,242.73,600.49,255.51,597.76,254.14,592.74,###
266.46,590.46,266.0,595.47,281.97,593.65,279.69,588.17,###
281.97,584.07,283.34,593.19,292.92,591.82,291.55,581.79,###
293.37,586.35,294.74,590.91,305.69,589.54,306.15,584.98,###
242.73,601.86,244.1,609.16,298.39,599.58,297.48,592.74,###
533.82,432.72,533.82,445.95,582.18,445.95,582.18,432.72,HYDRA
506.9,445.95,506.9,457.36,581.27,457.36,581.27,445.95,ENERGETIC
491.39,464.2,491.39,474.24,535.64,474.24,535.64,464.2,欧莱雅男士
493.21,475.61,493.21,488.84,579.44,488.84,579.44,475.61,劲能醒肤激活水
490.93,494.31,491.84,502.07,554.35,502.98,554.35,494.31,维生素CC+咖啡因
491.39,509.37,491.39,518.04,524.69,518.04,524.69,509.37,持续保湿
526.97,509.82,526.97,518.95,560.28,518.95,560.28,509.82,补充能量
489.56,553.17,489.11,557.27,540.66,557.27,540.21,554.08,###
496.41,558.19,496.41,562.29,534.27,562.29,534.27,558.19,###
438.01,608.66,438.01,619.61,481.35,619.61,480.44,610.49,###
437.09,622.81,437.09,632.39,482.26,632.39,482.26,622.81,###
460.82,633.76,459.45,641.06,610.47,641.51,612.29,634.21,http://cdnzpw.taobao.com/
487.28,608.21,487.28,631.93,634.19,631.93,631.91,610.03,成都化妆品网
84.54,673.0,84.54,721.36,642.99,719.53,642.53,673.91,欧莱雅男士劲能醒肤三件套
191.3,386.22,189.93,399.45,213.2,399.91,212.74,388.05,净含量：
190.84,401.28,190.39,413.6,210.92,415.42,210.92,401.28,50ml
169.85,390.78,170.21,404.0,177.61,404.93,178.07,389.42,S
156.5,494.77,157.41,503.44,183.42,508.91,183.42,499.79,LCREAL
142.81,504.81,144.08,510.25,156.96,512.56,155.99,507.57,###
160.99,511.41,162.14,515.63,202.48,524.09,200.56,519.48,###
144.47,514.87,147.93,521.01,201.33,534.84,200.18,529.08,###
155.61,526.01,154.84,531.0,188.65,540.22,185.58,534.46,###
131.79,254.65,131.79,261.95,137.17,261.95,137.17,254.65,###
131.79,263.87,131.79,268.48,139.86,268.48,139.86,263.87,###
151.77,259.64,151.0,265.79,160.6,263.1,158.68,257.34,###
132.17,272.32,133.33,278.85,150.61,275.01,151.0,268.48,###
154.84,266.56,154.84,272.71,164.83,272.71,164.83,266.56,###
178.66,261.57,178.66,269.25,189.42,266.18,188.27,261.57,###
200.56,257.72,200.56,264.25,204.4,264.25,204.4,257.72,###
131.79,280.78,131.4,286.92,152.15,283.47,152.15,276.93,###
155.99,275.4,155.99,282.31,163.29,282.31,163.29,275.4,###
165.21,274.24,165.98,281.16,203.64,275.4,202.1,266.56,###
132.94,288.84,131.4,294.22,180.2,286.92,181.35,280.39,###
133.33,297.68,131.4,304.6,156.38,300.37,156.76,293.45,###
131.79,308.05,132.17,311.9,159.07,309.59,158.68,302.68,###
131.79,314.9,132.56,321.05,192.88,315.67,192.88,309.21,###
196.72,315.29,196.34,320.28,209.01,318.74,209.01,313.36,###
131.79,324.89,132.56,330.27,159.45,328.35,160.22,321.82,###
131.79,332.57,131.79,340.26,142.93,340.26,142.93,332.57,###
132.56,343.33,132.56,351.02,141.78,351.02,141.78,343.33,###
144.85,332.19,144.08,340.26,193.26,336.42,193.26,328.73,###
144.85,341.8,144.08,351.02,201.33,347.56,203.25,338.34,###
131.4,354.79,131.4,360.17,178.28,358.25,178.66,352.48,###
132.56,362.09,132.56,370.54,196.34,369.0,197.49,362.09,###
132.56,372.85,131.4,380.15,149.08,379.76,149.08,373.23,###
151.0,373.23,151.0,379.76,168.29,379.76,168.29,373.23,###
131.79,383.22,131.79,390.9,152.54,390.9,152.54,383.22,###
155.23,383.22,155.23,391.29,165.98,391.29,165.98,383.22,###
132.56,392.83,132.94,400.51,154.46,401.66,154.46,392.83,###
132.56,403.2,134.09,409.73,151.77,412.04,151.77,403.2,###
