556.0,770.67,556.0,798.22,799.56,798.22,799.56,770.67,金川秀护肤机构
284.89,724.44,285.78,735.11,323.11,737.78,323.11,726.22,95ML
323.11,725.33,324.89,736.89,381.78,724.44,378.22,713.78,3.5FLOZ
279.56,703.11,282.22,717.33,316.89,719.11,315.11,705.78,玫瑰
320.44,705.78,320.44,720.0,377.33,710.22,373.78,696.89,丝滑乳
269.78,721.78,269.78,734.22,280.44,734.22,280.44,721.78,S
247.56,509.33,245.78,528.0,308.0,536.89,310.67,516.44,###
303.56,491.56,301.78,511.11,397.78,498.67,397.78,472.0,agic
243.11,468.44,245.78,504.89,301.78,512.0,300.89,478.22,M
32.44,130.67,32.44,160.89,201.33,164.44,201.33,125.33,正品保障
31.56,58.67,31.56,95.11,204.0,95.11,204.0,58.67,品牌授权
