9.21,17.33,9.21,35.75,276.79,35.75,276.79,17.33,http://taobao.138car.com
268.13,276.25,268.13,358.58,350.46,358.58,350.46,276.25,JP
504.29,271.92,504.29,365.08,145.71,365.08,145.71,271.92,香儿车饰
228.04,121.33,234.54,145.17,308.21,137.58,309.29,114.83,UCE
314.71,114.83,314.71,139.75,341.79,139.75,341.79,114.83,D
416.54,166.83,430.62,149.5,347.21,118.08,345.04,140.83,PRO
431.71,174.42,453.37,160.33,507.54,212.33,483.71,225.33,ION
485.87,225.33,507.54,265.42,535.71,261.08,516.21,221.0,CT
508.62,266.5,521.63,335.83,554.13,341.25,538.96,266.5,JUN
550.88,359.67,524.88,440.92,493.46,421.42,518.38,351.0,UCE
491.29,424.67,477.21,444.17,503.21,466.92,522.71,443.08,D
476.12,448.5,501.04,473.42,428.46,526.5,408.96,497.25,PRO
313.63,518.92,316.88,555.75,402.46,540.58,392.71,504.83,ION
257.29,511.33,249.71,547.08,312.54,552.5,311.46,517.83,CT
180.38,484.25,158.71,510.25,243.21,547.08,255.12,512.42,JUN
106.71,404.08,79.63,425.75,133.79,494.0,160.88,469.08,UCE
98.04,378.08,106.71,403.0,79.63,416.0,65.54,392.17,D
54.71,302.25,61.21,386.75,94.79,377.0,90.46,300.08,PRO
119.71,225.33,92.63,286.0,60.12,286.0,88.29,216.67,ION
207.46,130.0,213.96,153.83,150.04,189.58,131.63,170.08,JUN
127.29,174.42,152.21,190.67,117.54,225.33,98.04,210.17,CT
530.29,609.92,530.29,633.75,556.29,633.75,556.29,609.92,靓
563.88,562.25,563.88,632.67,597.46,632.67,597.46,562.25,车
605.04,609.92,605.04,633.75,629.96,633.75,629.96,609.92,族
