13.3,293.87,4.43,248.27,443.97,0.0,465.5,11.4,大猫头海外代购店damaotou.tao
1.9,564.93,0.63,526.93,754.3,64.6,751.77,114.0,大猫头海外代购店damaotou.taobao.com大猫头海外代
0.63,855.0,-0.63,814.47,758.1,355.93,758.1,390.13,猫头海外代购店damaotou.taobao.com大猫头海外代购
237.5,1010.8,184.3,1003.2,744.17,667.53,754.3,694.13,猫头海外代购店damaotou.taobao.com
291.97,913.27,291.97,884.13,476.9,884.13,478.17,908.2,250ml/8.4floz
283.1,874.0,283.1,856.27,450.3,856.27,450.3,874.0,VICTORIA'SSECREY
288.17,842.33,288.17,822.07,449.03,822.07,449.03,842.33,BRUMEPOLYVALENTE
309.7,819.53,309.7,795.47,423.7,795.47,423.7,819.53,ALL-OVERMIST
269.17,779.0,269.17,747.33,454.1,747.33,454.1,779.0,NAUGHTYISNICE
257.77,906.93,257.77,877.8,285.63,877.8,285.63,906.93,e
272.97,728.33,272.97,358.47,449.03,358.47,449.03,728.33,PINK
