147.92,484.17,147.92,495.83,392.08,496.67,390.42,485.0,(c)D.upcorporation.ALLRIGHTSRESERVED.
182.92,86.67,182.92,96.67,207.92,96.67,207.92,86.67,Extra
200.42,99.17,200.42,215.0,207.92,215.0,207.92,99.17,###
257.08,203.33,257.08,210.83,292.08,210.83,292.08,203.33,###
246.25,182.5,246.25,199.17,302.08,199.17,302.08,182.5,###
226.25,163.33,226.25,185.0,321.25,185.0,321.25,163.33,###
413.75,250.83,413.75,272.5,251.25,272.5,251.25,250.83,mizuki日系专卖
271.25,291.67,271.25,307.5,317.92,307.5,317.92,291.67,超强力！
274.58,345.83,274.58,356.67,315.42,356.67,315.42,345.83,###
267.08,321.67,267.08,335.0,320.42,335.0,320.42,321.67,###
265.42,312.5,265.42,324.17,313.75,324.17,313.75,312.5,###
271.25,283.33,271.25,294.17,317.08,294.17,317.08,283.33,###
185.42,274.17,185.42,282.5,228.75,282.5,228.75,274.17,###
191.25,285.0,191.25,290.83,222.92,290.83,222.92,285.0,###
193.75,292.5,193.75,298.33,222.92,298.33,222.92,292.5,###
226.25,372.5,226.25,383.33,272.92,383.33,272.92,372.5,###
228.75,389.17,228.75,397.5,270.42,397.5,270.42,389.17,###
237.08,404.17,237.08,415.0,262.08,415.0,262.08,404.17,Extra
184.58,402.5,184.58,441.67,190.42,441.67,190.42,402.5,###
184.58,360.0,184.58,392.5,191.25,392.5,191.25,360.0,###
187.08,100.0,187.08,242.5,196.25,242.5,196.25,100.0,D.U.PWonderEyeliodTape?
437.92,250.0,437.92,275.0,409.58,275.0,408.75,250.0,式
446.25,255.0,439.58,272.5,467.92,292.5,480.42,280.0,固定
370.42,294.17,353.75,270.83,399.58,251.67,408.75,272.5,埋没
394.58,483.33,394.58,495.0,449.58,495.0,450.42,485.83,###
453.75,482.5,453.75,495.0,496.25,495.0,496.25,482.5,二次利用
21.25,20.83,21.25,482.5,49.58,482.5,49.58,20.83,D.U.PWonderEyelidTape?
