220.89,712.0,220.89,784.0,784.44,784.0,784.44,712.0,双面加厚四季款
38.67,709.33,38.67,778.67,175.56,778.67,175.56,709.33,赠12
40.44,637.33,40.44,700.44,180.0,700.44,180.0,637.33,买一
586.22,663.11,586.22,672.89,661.78,672.89,661.78,663.11,电话：400-967-1187
671.56,663.11,671.56,672.0,742.67,672.0,742.67,663.11,手机：13633291191
587.11,645.33,587.11,659.56,740.89,659.56,740.89,645.33,虎越车品旗舰店
570.22,606.22,570.22,675.56,581.78,675.56,581.78,606.22,双面加厚车衣
744.44,606.22,744.44,673.78,756.89,673.78,756.89,606.22,防雨防雪防嗮
652.0,632.0,652.0,641.78,674.22,641.78,674.22,632.0,虎越
647.56,624.0,647.56,632.0,677.78,632.0,666.22,626.67,HUYUE
23.56,112.89,23.56,146.67,105.33,146.67,105.33,112.89,虎越
10.22,88.89,10.22,104.89,50.22,104.89,50.22,88.89,HU
60.0,87.11,60.0,106.67,119.56,106.67,119.56,87.11,YUE
159.56,398.22,159.56,416.89,183.56,416.89,183.56,398.22,观致
188.0,400.0,188.0,416.0,195.11,416.0,195.11,400.0,3
196.89,397.33,196.89,417.78,220.89,417.78,220.89,397.33,都市
225.33,400.89,225.33,415.11,244.89,415.11,244.89,400.89,SUV
