63.0,301.6,64.2,309.2,85.0,311.6,84.6,304.0,E80g
64.2,290.4,65.0,298.0,102.6,300.0,101.8,293.2,SnowSkin
103.8,291.6,103.8,299.2,123.8,299.2,123.8,291.6,Sleep
125.0,289.6,127.4,297.2,142.6,292.8,141.4,288.4,Mick
64.2,280.4,63.4,285.6,77.0,287.2,76.6,282.8,For
78.2,281.6,78.2,288.4,87.4,288.4,87.4,281.6,ail
89.8,281.6,89.8,288.8,103.4,288.8,103.4,281.6,skin
105.0,281.6,105.0,288.4,123.8,288.4,123.8,281.6,types
65.0,262.8,63.8,269.6,93.8,271.6,94.6,266.0,Improve
96.2,265.2,96.2,271.2,109.8,271.2,109.8,265.2,skin
111.8,264.4,111.8,270.4,136.2,268.0,135.4,262.4,texture
65.0,252.4,63.8,258.8,87.4,261.2,88.2,255.2,Native
91.0,256.0,89.8,262.0,115.0,262.0,117.4,256.8,enerfgy
117.4,254.0,117.4,261.2,143.8,256.4,144.2,251.6,riection
64.2,237.2,64.2,248.8,99.0,251.2,99.4,239.2,SILK
100.6,238.8,100.6,250.8,141.0,247.2,146.6,234.0,SHOW
87.4,302.4,87.4,310.8,109.8,310.8,109.8,302.4,2.8FL
111.4,301.6,111.4,308.0,123.0,308.0,123.0,301.6,OZ.
246.2,309.2,246.2,318.0,280.2,318.0,280.2,309.2,层层锁水
251.0,298.8,251.0,307.6,275.4,307.6,275.4,298.8,小分子
235.4,280.0,235.4,295.2,294.6,295.2,294.6,280.0,4易吸收
313.0,260.8,313.0,269.2,347.4,269.2,347.4,260.8,伴你入眠
313.0,250.4,313.0,258.8,346.2,258.8,346.2,250.4,玫瑰清香
302.6,230.0,302.6,246.0,358.6,246.0,358.6,230.0,3更清香
319.8,179.6,319.8,188.8,353.4,188.8,353.4,179.6,皮肤透气
312.6,169.6,312.6,178.4,355.4,178.4,355.4,169.6,清华更纯粹
308.6,151.2,308.6,166.8,364.6,166.8,364.6,151.2,2更清爽
249.0,124.4,249.0,134.4,292.6,134.4,292.6,124.4,补水不间断
244.2,116.0,244.2,124.4,296.2,124.4,296.2,116.0,多重植物精粹
246.2,96.4,246.2,112.4,299.8,112.4,299.8,96.4,1更补水
191.8,46.4,191.0,65.6,385.4,68.0,384.2,44.4,4重升级解渴缺水肌肤
23.4,229.6,14.2,235.2,27.4,244.8,30.6,240.0,###
33.8,242.0,29.8,244.8,52.2,252.4,51.8,247.2,###
