273.0,365.6,273.0,381.2,324.6,381.2,324.6,365.6,CARLETON
287.0,344.4,287.0,360.0,323.8,360.0,323.8,344.4,PERTCH
280.2,323.2,280.2,339.2,324.2,339.2,324.2,323.2,JESSICA
159.8,267.2,145.0,237.2,263.0,192.0,274.6,222.0,快速发货
7.4,228.8,21.0,256.8,225.0,178.0,213.4,148.4,kindle高清原版
100.2,116.0,100.2,132.0,117.4,132.0,117.4,116.0,for
119.0,117.2,119.0,130.8,295.0,130.8,295.0,117.2,###
119.0,98.8,119.0,112.4,279.8,112.4,279.8,98.8,Step-by=StepLessonPlans
77.8,63.6,77.8,90.0,151.0,90.0,151.0,63.6,SPECIAL
158.2,62.8,158.2,91.2,214.2,91.2,214.2,62.8,NEEDS
220.6,63.6,220.6,90.0,321.4,90.0,321.4,63.6,CLASSROOM
119.0,30.4,119.0,56.4,172.2,56.4,172.2,30.4,STORY
177.8,30.0,177.8,55.6,241.0,55.6,241.0,30.0,DRAMA
247.8,40.8,247.8,56.4,280.2,56.4,280.2,40.8,INTHE
224.2,141.2,241.4,174.4,367.0,117.2,357.4,93.6,可转换PDF
