74.38,1068.75,74.38,1016.25,241.88,1016.25,241.88,1068.75,惊爆价
120.63,1008.75,120.63,991.25,249.38,991.25,249.38,1008.75,JINGBAOJIA
495.63,962.5,495.63,948.75,655.63,948.75,655.63,962.5,Welcometomyshop
505.63,985.0,505.63,965.0,650.63,965.0,650.63,985.0,阿里巴巴供货商
551.88,1003.75,551.88,990.0,608.13,990.0,608.13,1003.75,实物拍摄
551.88,1021.25,551.88,1006.25,605.63,1006.25,605.63,1021.25,盗用必究
616.88,993.75,616.88,1102.5,646.88,1102.5,646.88,993.75,唐装批发
566.88,942.5,566.88,855.0,664.38,855.0,664.38,942.5,诚
661.88,970.0,661.88,900.0,730.63,900.0,730.63,970.0,信
675.63,987.5,675.63,1100.0,710.63,1100.0,710.63,987.5,品质
