630.0,120.0,630.0,156.0,750.0,156.0,750.0,120.0,美国产
187.0,388.67,187.0,402.0,252.33,402.0,252.33,388.67,CHAMPION
520.33,391.33,520.33,404.67,585.67,404.67,585.67,391.33,CHAMPION
128.33,440.67,128.33,464.0,279.0,464.0,279.0,440.67,ANTI-FREEZE
130.33,465.33,130.33,490.0,279.67,490.0,279.67,465.33,COOLANT
461.0,440.67,460.33,462.67,610.33,466.0,610.33,440.67,ANTI-FREEZE
463.0,465.33,463.0,490.67,610.33,490.67,610.33,465.33,COOLANT
620.33,478.0,620.33,489.33,647.0,489.33,647.0,478.0,-35°C
290.33,476.0,290.33,487.33,317.0,487.33,317.0,476.0,-35°C
130.33,528.67,130.33,536.67,180.33,536.67,180.33,528.67,COMPLETE
269.67,524.0,269.67,531.33,302.33,531.33,302.35,524.24,ENGINE
269.0,532.0,268.47,538.35,325.0,538.67,325.0,532.0,PROTECTION
461.67,524.67,462.33,531.33,509.0,535.33,507.0,526.0,COMPLETE
598.33,524.67,598.33,533.33,630.33,533.33,629.0,526.67,ENGINE
597.0,534.67,597.0,542.0,651.67,542.0,651.67,534.67,PROTECTION
460.0,554.82,460.47,560.0,493.88,561.88,492.94,555.76,FEATURES
456.71,560.94,454.82,564.71,542.35,568.47,541.88,564.71,###
455.76,566.59,455.76,569.88,529.18,572.71,530.12,569.41,###
455.76,571.29,456.71,575.53,537.65,578.35,538.59,575.06,###
588.94,580.71,588.94,584.94,618.12,584.94,618.12,580.71,###
589.88,576.0,590.35,580.24,645.41,580.24,644.94,576.47,###
591.29,570.82,591.29,575.53,644.0,575.53,643.53,573.18,###
591.29,560.47,590.82,566.12,644.47,566.12,644.47,561.41,###
264.24,558.59,264.24,563.76,319.29,563.76,319.29,558.59,NatContants:4L
263.29,570.35,263.29,573.65,318.82,573.65,318.82,570.35,###
264.24,575.53,264.24,578.35,319.76,578.35,319.76,575.53,###
263.29,579.76,263.29,584.0,293.41,584.0,293.41,579.76,###
131.06,559.06,131.06,564.71,166.35,564.71,166.35,559.06,FEATURES
127.76,566.12,127.76,569.41,215.29,569.41,215.29,566.12,###
127.29,571.29,127.29,574.59,202.59,574.59,202.59,571.29,###
127.29,575.53,127.29,580.24,212.0,580.24,212.0,575.53,###
600.24,600.94,606.35,619.29,676.0,594.82,671.29,578.82,实物拍摄
539.06,655.06,546.12,675.76,762.59,609.88,754.12,588.71,小白兔汽车用品商行
575.29,672.94,580.94,686.59,635.06,668.71,634.12,655.06,RABBIT
646.35,651.76,645.88,664.47,736.24,636.24,731.53,622.59,AUIOPARTS
294.82,559.53,294.82,560.47,293.88,560.47,293.88,559.53,###
211.53,420.24,211.53,424.0,230.35,424.0,230.35,420.24,###
543.76,421.18,543.76,424.94,562.12,424.94,562.12,421.18,###
205.88,544.47,205.41,550.12,218.12,557.65,217.65,553.88,###
220.47,555.29,220.47,558.59,234.59,558.59,234.59,555.29,###
235.53,554.35,236.47,558.12,250.59,548.71,250.59,544.94,###
252.0,526.59,252.0,538.35,255.29,538.35,255.29,526.59,###
250.12,517.65,252.0,525.18,255.29,525.65,253.41,518.59,###
239.76,505.41,237.88,509.65,251.06,516.24,250.59,513.88,###
228.0,503.06,227.06,506.82,237.88,509.18,237.88,505.41,###
209.65,508.71,211.06,512.47,225.65,506.35,226.12,503.06,###
207.76,509.65,199.29,522.82,203.06,523.76,210.59,511.06,###
198.82,524.24,198.82,538.35,202.12,538.35,202.12,524.24,###
532.94,544.0,529.65,546.35,545.65,557.18,546.59,552.94,###
548.0,553.88,548.0,558.59,567.29,558.59,567.29,553.88,###
568.71,551.53,569.18,556.71,579.53,548.71,579.06,543.06,###
529.18,518.12,527.76,538.35,531.53,537.88,533.88,518.12,###
531.06,515.29,535.76,516.71,549.88,508.24,549.41,503.53,###
551.76,503.53,551.29,506.82,570.12,510.59,571.06,505.41,###
570.59,511.06,578.59,523.29,584.24,523.29,575.29,508.24,###
580.0,524.24,580.0,542.12,583.76,541.18,584.71,524.24,###
149.0,362.0,149.0,368.67,195.0,368.67,195.0,362.0,###
161.0,358.0,161.0,364.0,190.33,364.0,190.33,358.0,###
493.67,356.67,493.67,364.0,520.33,364.0,520.33,356.67,###
483.0,362.67,483.0,369.33,530.33,369.33,530.33,362.67,###
