1.25,60.0,1.25,6.5,495.25,6.5,495.25,60.0,龙达散热风扇旗舰店
309.25,112.5,309.25,98.0,324.75,98.0,324.75,112.5,龙
12.75,169.0,12.75,130.0,180.25,130.0,180.25,169.0,可开发票
47.25,224.5,47.25,205.5,126.25,205.5,126.25,224.5,正品保障
59.25,236.5,59.25,286.5,86.75,287.5,112.25,236.5,7
107.75,287.5,107.75,272.0,90.75,272.0,90.75,287.0,天
55.25,303.0,55.25,291.0,117.25,291.0,117.25,303.0,无理由退换
6.75,397.0,6.75,357.5,175.25,357.5,175.25,397.0,质保二年
0.25,460.0,0.25,416.0,495.25,416.0,495.25,460.0,承接各类采购单/批量订单
180.75,181.5,176.25,171.0,217.75,147.5,240.25,153.5,达散热风扇
239.25,211.0,233.75,199.5,245.25,193.5,253.75,205.5,龙
278.75,189.0,279.75,174.0,346.25,142.5,351.75,155.0,热风扇电子商
398.75,194.5,392.25,180.5,450.75,151.5,456.25,164.5,风扇电子商行
333.75,227.5,330.75,213.5,375.75,191.5,381.75,204.0,龙达散热
200.75,356.5,197.25,343.0,270.75,306.5,274.75,320.5,风扇电子商行
297.25,307.5,294.75,294.0,415.75,231.5,421.25,245.0,龙达散热风扇电子商行
442.25,234.0,440.25,219.0,451.75,215.5,457.75,227.5,龙
226.25,406.0,223.25,390.5,345.75,329.0,349.75,342.5,龙达散热风扇电子商行
374.25,330.0,370.25,315.5,454.25,274.0,459.75,286.0,龙达散热风扇电
294.25,313.5,293.25,324.5,370.25,320.5,372.25,310.5,PAMOTOR
195.75,281.0,199.25,295.5,309.75,239.5,306.75,226.0,达散热风扇电子商行
449.75,342.5,454.25,357.0,467.25,351.5,463.25,339.0,龙
426.25,356.0,431.25,369.5,311.75,426.5,305.25,416.5,龙达散热风扇电子商行
292.75,328.0,293.25,335.0,357.25,330.5,354.25,324.5,BURLINGAMECAL
316.75,335.5,317.25,340.5,331.75,339.5,331.75,335.0,USO
367.25,246.5,366.75,255.5,271.75,260.5,271.25,252.5,SYSTEMPAPST
283.25,261.0,282.75,267.5,356.25,263.0,358.75,257.0,MADEINW-GERMANY
266.25,272.0,266.25,282.0,323.75,279.5,345.75,269.0,###
211.75,211.5,216.25,224.5,191.25,234.0,188.25,221.0,商行
213.75,65.0,213.75,122.0,492.25,122.0,492.25,65.0,诚信批发商
310.75,220.5,310.75,226.0,327.25,226.0,327.25,220.5,###
315.75,227.5,315.75,241.0,326.75,241.0,326.75,227.5,P
