521.24,125.16,521.24,196.27,1147.02,196.27,1147.02,125.16,买果仁蛋白水乳
97.42,64.0,97.42,85.33,168.53,85.33,168.53,64.0,子宜草堂
37.69,130.84,37.69,162.13,232.53,162.13,232.53,130.84,THEYICATAN
141.51,34.13,137.24,44.09,165.69,59.73,164.27,45.51,###
101.69,54.04,98.84,42.67,135.82,34.13,134.4,44.09,###
764.44,227.56,764.44,385.42,922.31,385.42,922.31,227.56,送
945.07,329.96,945.07,384.0,1074.49,384.0,1074.49,329.96,面膜
551.11,557.51,551.11,682.67,674.84,682.67,674.84,557.51,+
168.53,548.98,168.53,573.16,292.27,573.16,292.27,548.98,THEYICATAN
370.49,642.84,370.49,662.76,472.89,662.76,472.89,642.84,THEYICATAN
148.62,678.4,147.2,689.78,212.62,705.42,211.2,695.47,###
209.78,694.04,209.78,702.58,251.02,702.58,251.02,694.04,###
151.47,699.73,150.04,709.69,216.89,726.76,215.47,716.8,###
215.47,712.53,215.47,723.91,256.71,723.91,256.71,712.53,###
260.98,723.91,263.82,712.53,292.27,702.58,292.27,711.11,###
174.22,790.76,174.22,802.13,256.71,809.24,256.43,796.16,果仁蛋白柔肤水
169.96,807.82,169.96,806.4,169.96,806.4,169.96,807.82,###
367.64,802.13,367.64,814.93,443.02,816.36,443.02,803.56,果仁蛋白滋养乳
360.53,817.78,366.22,823.47,441.6,823.47,441.6,813.51,###
352.0,753.78,349.16,760.89,414.58,768.0,416.0,759.47,###
930.84,580.27,974.93,702.58,986.31,691.2,943.64,571.73,###
909.51,583.11,972.09,739.56,980.62,731.02,923.73,577.42,###
899.56,587.38,955.02,728.18,959.29,723.91,906.67,581.69,###
993.42,742.4,1004.8,770.84,1013.33,768.0,999.11,732.44,###
886.76,587.38,925.16,675.56,929.42,675.56,893.87,581.69,###
856.89,676.98,848.36,716.8,839.82,716.8,848.36,676.98,###
878.22,593.07,900.69,658.77,910.08,658.77,888.18,591.64,###
899.56,473.6,878.22,573.16,862.58,567.47,883.91,469.33,###
873.96,463.64,851.2,584.53,839.82,577.42,864.0,462.22,###
835.56,594.49,827.02,652.8,839.82,661.33,851.2,598.76,###
855.47,455.11,824.18,630.04,812.8,627.2,845.23,452.27,###
821.33,450.56,806.83,533.33,818.49,536.18,832.71,450.84,###
205.23,576.85,205.23,588.8,285.44,585.39,289.71,572.59,###
170.24,802.99,165.97,808.96,257.28,817.49,257.28,808.96,###
352.85,737.28,353.71,749.23,436.48,750.08,435.63,744.96,###
465.49,750.08,464.64,757.76,416.85,769.71,417.71,762.03,###
842.67,448.0,821.33,565.76,815.36,563.2,835.84,448.85,###
