179.27,40.0,188.0,57.45,48.36,155.64,42.55,138.18,北美配件之家
196.73,64.0,201.09,73.45,56.36,177.45,52.73,166.55,http://bmpjzj.taobao.com
278.18,114.18,292.0,133.09,97.09,274.18,89.09,248.73,###
305.09,148.36,309.45,157.82,109.45,302.55,105.09,290.18,http://bmpjzj.taobao.com
336.36,235.64,346.55,250.18,207.64,346.91,202.55,330.18,北美配件之家
356.0,258.18,358.91,266.18,213.45,368.73,210.55,362.91,http://bmpjzj.taobao.com
191.64,317.82,191.64,358.55,221.45,386.91,234.55,357.82,TA
276.73,394.18,257.82,409.45,350.18,493.09,364.0,475.64,GENUINE
350.18,395.64,335.64,425.45,455.64,531.64,499.27,531.64,TOYOTA
371.27,483.64,356.0,501.82,390.18,530.91,423.64,531.64,PAR
665.82,368.0,655.64,399.27,693.45,427.64,697.82,397.09,TA
590.18,341.09,601.82,356.36,620.0,357.82,620.0,341.09,###
591.64,310.55,592.36,321.45,370.55,330.91,369.82,319.27,###
623.64,303.27,623.64,311.27,597.45,311.27,597.45,303.27,3J18
592.36,325.09,592.36,335.27,579.27,335.27,579.27,325.09,###
541.45,325.82,542.18,337.45,420.0,341.82,420.73,332.36,MADEINJAPAN
353.09,313.45,352.36,326.55,235.27,330.18,237.45,317.82,GENUINEPARTS
399.64,283.64,399.64,296.73,368.36,296.73,368.36,283.64,QTY:
449.09,267.64,453.45,300.36,460.0,301.82,460.0,267.64,1
357.45,289.45,358.18,304.0,268.0,307.64,268.73,292.36,TOYOTA
546.55,154.91,550.18,186.18,273.09,199.27,273.82,165.09,85222-52170
594.55,135.27,594.55,144.73,614.91,144.73,614.91,135.27,BD
328.36,133.09,328.36,155.64,350.91,155.64,350.91,133.09,FR
361.82,132.36,361.82,153.45,420.73,153.45,419.27,130.91,WIPER
438.91,129.45,438.91,151.27,462.18,151.27,462.18,129.45,LH
306.55,134.55,306.55,154.91,251.27,158.55,252.0,136.73,BLADE
630.91,156.36,633.82,186.18,650.55,170.91,634.55,157.82,###
659.27,175.27,646.18,191.27,671.64,210.18,672.36,190.55,###
632.36,104.0,624.36,128.0,665.82,159.27,663.64,127.27,TO
398.18,1.45,510.91,95.27,521.82,72.73,441.09,3.64,OYOTA
342.91,1.45,476.0,111.27,490.55,96.73,374.91,1.45,NUINEPARTS
233.82,75.64,221.45,92.36,259.27,123.64,283.27,116.36,ARTS
200.36,95.27,195.27,126.55,217.82,145.45,231.64,121.45,TA
