41.33,37.33,41.33,64.53,196.53,64.53,196.53,37.33,pigeon
202.93,37.33,202.93,75.2,222.13,75.2,222.13,37.33,贝亲
80.8,83.2,80.8,107.2,188.0,107.2,188.0,83.2,我们更懂你
116.0,314.67,116.0,325.87,166.13,325.87,166.13,314.67,pigeon
262.13,242.13,262.13,251.2,314.4,251.2,314.4,242.13,pigeon
413.6,243.73,413.6,253.87,466.4,253.87,466.4,243.73,pigeon
560.27,318.93,560.27,328.0,613.07,328.0,613.07,318.93,pigeon
114.93,486.93,114.93,509.33,187.47,509.33,187.47,486.93,自然实感
263.2,494.4,263.2,516.27,336.8,516.27,336.8,494.4,自然实感
413.07,497.07,413.07,517.87,486.67,517.87,486.67,497.07,自然实感
560.8,491.73,560.8,512.0,634.4,512.0,634.4,491.73,自然实感
434.93,419.2,434.93,428.8,482.93,428.8,482.93,419.2,pigeon
444.53,435.73,444.53,446.4,502.13,446.4,502.13,435.73,pigeon
435.47,442.13,435.47,468.8,528.8,468.8,528.8,442.13,自然实感
475.47,477.87,484.0,484.27,529.33,486.93,529.33,477.87,###
304.27,422.4,304.27,429.87,351.73,429.87,351.73,422.4,pigeon
316.53,436.27,316.53,445.87,370.93,445.87,370.93,436.27,pigeon
305.87,444.8,305.87,468.27,386.4,468.27,386.4,444.8,自然实感
651.47,381.87,651.47,388.8,664.8,388.8,664.8,381.87,###
649.33,390.4,649.33,396.8,668.0,396.8,668.0,390.4,###
642.93,398.4,642.93,414.4,674.0,414.4,675.47,398.4,哺乳
506.4,339.2,506.4,347.2,520.8,347.2,520.8,339.2,###
503.73,348.8,503.73,355.2,520.27,355.2,520.27,348.8,###
496.27,357.33,496.27,373.33,530.4,373.33,530.4,357.33,哺乳
354.93,337.07,354.93,344.53,368.8,344.53,368.8,337.07,###
352.27,345.6,352.27,353.07,372.0,353.07,372.0,345.6,###
345.33,355.2,345.33,372.27,378.8,370.4,378.4,355.2,哺乳
205.07,377.6,205.07,386.67,217.33,386.67,217.33,377.6,###
202.4,387.73,202.4,393.6,222.67,393.6,222.67,387.73,###
194.93,396.27,194.8,410.4,228.53,412.8,228.53,396.27,哺乳
191.73,465.07,191.73,485.87,232.27,485.87,232.27,465.07,自然
189.07,444.8,189.07,454.93,231.2,454.93,230.67,447.47,###
114.93,513.07,114.93,519.47,128.8,519.47,128.8,513.07,###
133.07,513.6,133.07,521.07,230.13,521.07,230.13,513.6,###
124.53,531.73,124.53,538.67,190.13,538.67,190.13,531.73,###
125.6,540.8,125.6,546.67,143.2,546.67,143.2,540.8,###
124.53,561.07,124.53,567.47,161.33,567.47,161.33,561.07,###
125.07,580.8,125.07,586.67,163.47,586.67,163.47,580.8,###
219.47,532.27,219.47,539.2,237.07,539.2,237.07,532.27,###
224.27,540.8,224.27,544.53,232.8,544.53,232.8,540.8,###
219.47,554.67,219.47,564.8,228.0,564.8,228.0,554.67,0
223.2,566.93,223.2,570.67,232.8,570.67,232.8,566.93,###
222.13,577.6,222.13,582.4,233.87,582.4,233.87,577.6,###
221.07,587.2,221.07,593.07,235.47,593.07,235.47,587.2,###
205.6,605.87,205.6,614.4,239.2,614.4,239.2,605.87,160ml
113.33,604.27,113.33,609.07,148.0,609.07,148.0,604.27,###
116.0,610.13,116.0,614.93,177.87,614.93,177.87,610.13,###
263.76,521.41,263.76,528.94,278.35,528.94,278.35,521.41,###
283.06,521.41,283.06,529.41,381.88,529.41,381.88,521.41,###
273.65,539.76,273.65,546.82,341.88,546.82,341.88,539.76,###
274.12,548.71,274.12,555.29,292.94,555.29,292.94,548.71,###
274.12,570.35,274.12,575.06,311.29,575.06,311.29,570.35,###
274.59,590.59,274.59,595.29,310.35,595.29,310.35,590.59,###
264.24,614.59,264.24,618.35,296.71,618.35,296.71,614.59,###
265.18,619.76,265.18,624.47,328.24,624.47,328.24,619.76,###
371.53,540.71,371.53,546.82,388.94,546.82,388.94,540.71,###
375.76,549.65,375.76,553.41,383.76,553.41,383.76,549.65,###
371.53,563.29,371.53,572.71,378.59,572.71,377.65,562.82,3
375.76,575.53,375.76,578.82,384.71,578.82,384.71,575.53,###
374.35,585.88,374.35,592.47,385.18,592.47,385.18,585.88,###
372.47,595.29,372.47,600.47,388.94,600.47,388.94,595.29,###
356.94,614.59,356.94,623.06,391.29,623.06,391.29,614.59,240ml
413.88,523.29,413.88,531.29,428.94,531.29,428.94,523.29,###
432.24,522.82,432.24,530.35,531.53,530.35,531.53,522.82,###
423.29,541.65,423.29,548.24,492.0,548.24,492.0,541.65,###
422.82,550.59,422.82,556.24,442.12,556.24,442.12,550.59,###
424.24,571.29,424.24,576.47,460.94,576.47,460.94,571.29,###
423.76,592.47,423.76,597.18,459.53,597.18,459.53,592.47,###
520.24,544.47,520.24,549.18,538.12,549.18,538.12,544.47,###
524.47,551.53,524.47,556.24,532.94,556.24,532.94,551.53,###
521.65,565.65,521.18,576.0,528.24,576.0,528.24,564.71,3
524.94,577.41,524.94,581.65,533.41,581.65,533.41,577.41,###
523.53,588.71,523.53,593.88,533.88,593.88,533.88,588.71,###
522.12,597.65,522.12,602.82,536.71,602.82,536.71,597.65,###
506.12,616.94,506.12,626.35,540.47,626.35,540.47,616.94,240ml
412.94,615.53,412.94,619.29,446.82,619.29,446.82,615.53,###
413.41,621.65,413.41,626.35,479.29,626.35,479.29,621.65,###
561.18,517.18,561.18,524.24,576.24,524.24,576.24,517.18,###
580.94,516.71,580.94,523.76,676.0,523.76,676.0,516.71,###
570.12,536.47,571.06,541.65,637.88,542.59,637.88,535.06,###
571.06,544.47,571.06,551.53,589.88,551.53,589.88,544.47,###
572.47,564.24,572.47,570.35,607.29,570.35,607.29,564.24,###
572.0,584.0,572.0,590.12,610.59,590.12,610.59,584.0,###
561.18,608.0,561.18,612.24,594.59,612.24,594.59,608.0,###
562.12,614.12,562.12,619.29,625.65,619.29,625.65,614.12,###
665.65,536.47,665.65,542.12,685.41,542.12,685.41,536.47,###
670.82,543.53,670.82,548.24,679.76,548.24,679.76,543.53,###
667.53,558.12,667.53,568.47,675.53,568.47,674.59,557.65,0
670.35,569.88,670.35,572.71,680.24,572.71,680.24,569.88,###
671.29,581.18,671.29,586.35,680.24,586.35,680.24,581.18,###
668.0,589.65,668.0,596.24,683.53,596.24,683.53,589.65,###
654.82,608.47,654.82,617.41,686.82,617.41,686.82,608.47,160ml
654.82,638.12,654.82,647.06,686.35,647.06,686.35,638.12,160ml
667.53,662.12,667.53,666.82,682.12,666.82,682.12,662.12,###
562.59,638.12,562.59,642.82,625.18,642.82,625.18,638.12,###
561.65,644.71,561.65,649.88,594.12,649.88,594.12,644.71,###
506.12,641.88,506.12,650.82,540.0,650.82,540.0,641.88,240ml
520.71,665.41,520.71,672.0,536.24,672.0,536.24,665.41,###
413.88,641.88,413.88,646.59,478.35,647.06,478.35,641.88,###
414.35,648.0,414.35,652.24,446.35,652.24,446.35,648.0,###
356.94,644.24,356.94,655.06,391.29,655.06,391.29,644.24,240ml
264.24,643.29,264.24,647.53,329.65,647.53,329.65,643.29,###
264.24,649.88,264.24,654.12,295.29,654.12,295.29,649.88,###
205.88,635.76,205.88,644.71,238.82,644.71,238.82,635.76,160ml
114.12,635.76,114.12,640.0,177.65,640.0,177.65,635.76,###
116.0,642.35,116.0,646.12,142.35,646.12,142.35,642.35,###
38.35,732.71,38.35,783.06,547.06,783.06,547.06,732.71,宽口径奶瓶KIMI同款
584.24,710.12,584.24,739.29,672.24,739.29,672.24,710.12,全场满
677.41,708.71,677.41,766.12,795.53,766.12,795.53,708.71,包邮
587.53,740.24,587.53,793.88,670.35,793.88,670.35,740.24,88
684.0,773.18,684.0,790.59,792.24,790.59,792.24,773.18,偏远地区除外
339.06,480.0,345.65,486.12,386.12,486.59,386.12,480.0,###
