796.67,52.0,796.67,96.0,626.0,96.0,626.0,52.0,粉丝狂欢节
682.0,17.33,682.0,53.33,740.67,53.33,740.67,17.33,6.18
51.33,173.33,51.33,240.0,119.33,240.0,119.33,173.33,立
154.0,170.67,154.0,242.67,230.0,242.67,230.0,170.67,式
47.33,273.33,47.33,346.67,119.33,346.67,119.33,273.33,保
32.67,397.33,32.67,442.67,303.33,442.67,303.33,397.33,加大流线型
27.33,641.33,27.33,693.33,244.67,693.33,244.67,641.33,领券实付
30.0,737.33,30.0,788.0,64.67,788.0,64.67,737.33,?
78.0,704.0,78.0,793.33,215.33,793.33,215.33,704.0,119
215.33,752.0,215.33,793.33,274.0,793.33,274.0,752.0,.00
6.0,69.33,6.0,92.0,183.33,92.0,183.33,69.33,weseNs
258.0,73.33,258.0,84.0,195.33,84.0,195.33,73.33,Germany
156.67,273.33,156.67,344.0,231.33,344.0,231.33,273.33,温
