49.67,724.0,49.67,798.0,361.0,798.0,361.0,724.0,质量保证
409.0,723.33,409.0,798.0,718.33,798.0,718.33,723.33,支持验证
453.0,676.67,451.67,706.67,598.33,698.67,596.33,671.33,原产地日本
91.67,680.67,91.67,718.0,263.0,712.0,262.33,674.67,轮胎螺丝
355.0,648.0,355.0,686.67,415.67,686.67,415.67,648.0,1个
73.67,634.67,76.33,669.33,328.33,664.0,331.0,628.67,90924-01055
91.0,590.0,91.0,620.67,265.0,618.67,269.0,590.0,B1560712
416.33,621.33,419.0,650.67,676.33,638.67,674.33,613.33,到货日期20150812
404.33,591.33,407.0,615.33,639.67,606.0,639.67,581.33,SPX45862G1S08
390.33,596.67,392.33,558.0,22.33,554.67,17.0,599.33,广州粤骏汽配商行
581.0,599.33,581.0,558.0,447.67,555.33,443.67,598.67,广州粤
605.67,511.33,605.67,579.33,753.67,579.33,753.67,511.33,包邮
734.33,556.0,734.33,596.67,798.33,596.67,798.33,556.0,商行
607.67,432.67,607.67,500.0,755.67,500.0,755.67,432.67,两套
485.0,353.33,485.0,387.33,739.0,387.33,739.0,353.33,13922728320
106.33,353.33,106.33,386.67,360.33,386.67,360.33,353.33,13922728320
27.67,156.0,27.67,200.0,401.67,200.0,402.86,160.0,广州粤骏汽配商行
431.67,157.33,431.67,202.0,799.67,202.0,799.67,157.33,广州粤骏汽配商行
265.0,160.67,265.0,188.67,326.33,188.67,326.33,160.67,正品
262.33,191.33,262.33,222.0,327.67,222.0,306.86,197.71,保障
8.33,12.67,8.33,88.67,786.33,88.67,786.33,12.67,纯正日本丰田装车配件
152.33,693.33,152.33,693.33,153.0,693.33,153.0,693.33,###
