106.91,87.69,106.91,149.22,233.06,149.22,233.06,87.69,原标
83.84,192.29,83.84,250.75,271.52,250.75,271.52,192.29,原型号
479.19,233.83,479.19,249.21,520.73,249.21,520.73,233.83,LD252
476.11,159.99,476.11,172.29,569.95,172.29,569.95,159.99,337052116
469.96,273.82,469.96,284.59,529.96,284.59,529.96,273.82,###
486.88,252.29,486.88,264.59,520.73,264.59,520.73,252.29,80GB
334.59,247.67,334.59,252.29,385.35,252.29,385.35,247.67,###
336.13,253.82,336.13,261.52,391.51,261.52,391.51,253.82,###
528.42,298.44,529.96,310.74,260.75,315.36,260.75,298.44,NOTSUITABLEFORLAPTOPCOMPUTERUSB
263.82,319.97,263.82,333.82,537.65,329.2,540.72,316.9,ThisdriveismanutacturedbySeaqateforOEM
551.49,333.82,553.03,346.13,260.75,349.2,260.75,333.82,distribution.Forproductintormationortechnical
260.75,350.74,260.75,361.51,506.88,359.97,506.88,346.13,supportpleasecontactyoursystemOEM.
274.59,383.05,274.59,403.04,334.59,403.04,334.59,383.05,CAUTION
509.96,381.51,514.57,390.74,342.28,393.81,345.36,383.05,###
339.2,415.35,340.74,424.58,277.67,424.58,279.21,413.81,###
511.5,458.42,511.5,467.65,537.65,467.65,537.65,458.42,0.487
485.34,459.96,485.34,469.19,505.34,469.19,505.34,459.96,+5V
451.5,553.8,451.5,564.57,471.5,564.57,471.5,553.8,###
496.11,553.8,496.11,561.49,525.34,561.49,525.34,553.8,###
377.66,619.95,377.66,629.18,425.35,629.18,425.35,619.95,###
445.35,598.41,445.35,613.79,462.27,613.79,462.27,598.41,20
391.51,599.95,391.51,607.64,411.5,607.64,411.5,599.95,###
325.36,659.95,325.36,666.1,343.82,666.1,343.82,659.95,###
365.35,658.41,365.35,666.1,382.28,666.1,382.28,658.41,###
437.66,659.95,437.66,666.1,465.35,666.1,465.35,659.95,###
276.13,555.34,276.13,564.57,316.13,564.57,316.13,555.34,###
274.59,541.49,274.59,552.26,323.82,552.26,323.82,541.49,###
263.82,478.42,263.82,489.19,339.2,489.19,339.2,478.42,###
268.44,444.58,268.44,456.88,320.74,456.88,320.74,444.58,###
265.36,507.65,265.36,519.96,313.05,519.96,313.05,507.65,###
620.72,493.81,620.72,547.65,176.14,547.65,176.14,493.81,13719677727
42.3,833.78,42.3,896.85,197.68,896.85,197.68,833.78,找型号
219.21,830.7,219.21,896.85,428.43,896.85,428.43,830.7,核对参数
446.89,833.78,446.89,895.31,868.39,895.31,868.39,833.78,全淘宝型号最齐全
546.88,455.35,546.88,467.65,539.19,467.65,539.19,455.35,A
360.74,218.44,360.74,227.67,419.2,227.67,419.2,218.44,Seagate
