22.0,634.67,22.0,550.67,790.0,550.67,790.0,634.67,6月18日全场2.3折起
10.0,705.33,10.0,780.0,367.33,780.0,367.33,705.33,一件代发，一件批发
408.67,702.67,408.67,782.67,584.67,782.67,584.67,702.67,满200元
786.0,702.67,786.0,782.67,608.67,782.67,608.67,702.67,正品包邮
264.67,588.0,264.67,605.33,352.67,609.33,350.0,593.33,###
419.33,585.33,422.0,598.67,372.67,609.33,374.0,588.0,###
318.0,466.67,318.0,489.33,384.67,489.33,384.67,466.67,养颜护
448.67,450.67,447.33,477.33,388.67,486.67,388.67,462.67,肤精华素
226.0,457.33,226.0,480.0,302.0,490.67,299.33,465.33,瑞倪维儿
303.33,464.0,303.33,477.33,312.67,477.33,312.67,464.0,?
206.0,400.0,203.33,420.0,322.0,433.33,322.0,413.33,BEAUTIFYING
330.0,412.0,330.0,429.33,402.0,428.0,402.0,412.0,FACIAL
462.0,396.0,463.33,413.33,407.33,426.67,408.67,406.67,###
311.33,380.0,311.33,397.33,236.67,390.67,239.33,373.33,awale
207.33,366.67,206.0,382.67,236.67,389.33,235.33,372.0,Rin
468.0,405.71,468.0,424.0,577.71,427.43,577.71,409.14,###
586.86,405.71,590.29,422.86,646.29,416.0,650.86,396.57,###
462.29,316.57,462.29,336.0,511.43,336.0,511.43,316.57,###
466.86,352.0,468.0,366.86,521.71,371.43,522.86,356.57,###
532.0,357.71,532.0,368.0,599.43,368.0,599.43,357.71,###
605.14,350.86,606.29,365.71,660.0,353.14,660.0,341.71,###
464.57,526.86,464.57,544.0,513.71,549.71,511.43,529.14,###
524.0,531.43,524.0,547.43,617.71,541.71,622.29,523.43,###
