46.0,54.67,46.0,76.0,116.67,76.0,116.67,54.67,礼&行°
138.0,50.67,138.0,70.67,196.67,70.67,196.67,50.67,芳香季
142.0,72.0,142.0,77.33,191.33,77.33,191.33,72.0,###
531.33,118.67,536.67,145.33,311.69,170.46,303.33,149.33,USB芳香加热眼罩
538.0,156.0,540.67,169.33,504.67,173.33,500.67,160.0,MASK
494.0,161.33,496.67,173.33,470.0,177.33,467.33,166.67,EYE
458.0,165.33,462.0,181.33,396.67,188.0,394.0,173.33,HEATING
390.0,174.67,390.0,188.0,344.67,192.0,346.0,180.0,AROMA
336.67,181.33,338.0,194.67,310.0,198.67,307.33,185.33,USB
256.67,133.33,258.15,141.54,231.69,144.0,231.33,138.67,芳香季
259.33,152.0,263.33,162.67,182.0,172.0,183.33,160.0,热敷保健专家
215.33,140.0,216.67,149.33,183.33,153.33,186.0,142.67,礼&行°
362.0,277.33,368.67,294.67,310.0,298.67,311.33,284.0,无香型
239.33,292.0,239.33,309.33,222.0,312.0,219.33,293.33,有
20.67,337.33,20.67,372.0,99.33,372.0,99.33,337.33,新款
115.33,420.0,115.33,436.0,143.33,436.0,143.33,420.0,豹纹
108.67,505.33,108.67,524.0,154.0,524.0,154.0,505.33,小魔怪
114.0,601.33,114.0,620.0,143.33,620.0,143.33,601.33,天蓝
322.0,570.67,332.67,602.67,147.33,676.0,137.54,640.0,现已豪华加入！
628.67,429.33,628.67,469.33,746.0,469.33,746.0,429.33,恒温型
640.67,473.33,640.67,486.67,738.0,486.67,738.0,473.33,constant
135.33,730.67,135.33,794.67,392.67,794.67,392.67,730.67,蒸汽热敷
431.33,732.0,431.33,794.67,686.0,794.67,686.0,732.0,帮助睡眠
439.33,372.0,439.33,390.67,364.67,384.0,371.33,365.33,AROMA
520.67,346.67,528.67,365.33,448.67,389.33,442.0,369.33,###
232.92,144.0,232.92,147.69,259.38,145.23,260.0,142.77,###
