451.91,132.27,451.91,195.56,614.76,195.56,614.76,132.27,安妮节
489.6,283.02,489.6,303.64,601.24,303.64,601.24,283.02,pioneer
546.49,308.62,546.49,321.42,598.4,321.42,598.4,308.62,fasnior
323.2,504.89,323.2,531.91,638.93,531.91,638.93,504.89,renzaifanche
536.53,459.38,536.53,556.8,617.6,556.8,617.6,459.38,祥
535.11,541.87,535.11,570.31,561.42,570.31,561.42,541.87,如
531.56,598.04,531.56,628.62,562.84,628.62,562.84,598.04,意
426.31,335.64,426.31,489.24,555.02,489.24,555.02,335.64,吉
496.71,494.22,496.71,541.16,513.07,541.16,513.07,494.22,###
472.53,494.22,472.53,539.02,487.47,539.02,487.47,494.22,###
497.42,547.56,497.42,672.0,512.36,672.0,512.36,547.56,GOODLUCK
471.82,545.42,471.82,638.58,488.18,638.58,488.18,545.42,HEALTTI
471.82,644.27,471.82,706.13,485.33,706.13,485.33,644.27,###
207.29,925.16,207.29,940.8,254.93,940.8,254.93,925.16,弹力棉
88.53,917.33,84.98,928.71,155.38,930.84,155.38,916.62,pack
104.18,887.47,94.22,915.2,120.53,915.2,128.36,891.02,2
123.38,904.53,120.53,915.91,139.73,917.33,141.87,908.09,条装
503.82,201.96,503.82,211.2,568.53,211.2,568.53,201.96,onnifang
17.42,536.18,14.58,733.87,44.44,738.13,36.62,535.47,###
312.53,644.27,311.82,652.09,348.09,664.89,350.22,656.36,###
400.71,659.91,400.71,667.73,439.11,661.33,439.82,653.51,###
239.29,612.27,240.0,619.38,274.13,634.31,274.84,627.91,###
