21.5,416.0,21.5,450.0,228.5,450.0,228.5,416.0,国际联盟代购
15.5,491.0,15.5,521.0,39.5,521.0,39.5,491.0,日
30.5,539.0,30.5,570.0,58.5,570.0,58.5,539.0,本
96.5,568.0,96.5,591.0,158.5,591.0,158.5,568.0,EMS
186.5,541.0,186.5,568.0,215.5,568.0,215.5,541.0,直
206.5,493.0,206.5,523.0,236.5,523.0,236.5,493.0,邮
500.5,29.0,500.5,289.0,551.5,289.0,551.5,29.0,最新包装
243.5,140.0,243.5,156.0,345.5,156.0,345.5,140.0,HomeoBeau
265.5,160.0,265.5,167.0,328.5,167.0,328.5,160.0,###
253.5,178.0,253.13,190.5,280.5,190.0,280.5,178.0,ECF
294.82,176.18,289.13,189.0,294.82,188.18,298.64,177.82,/
305.5,177.0,304.88,188.25,333.5,189.0,333.5,177.0,FCF
263.5,337.0,263.5,345.0,333.5,345.0,333.5,337.0,###
267.5,347.0,267.5,355.0,327.5,355.0,327.5,347.0,###
281.5,356.0,281.5,363.0,313.5,363.0,313.5,356.0,###
