554.0,161.33,555.33,204.0,735.33,228.0,744.67,186.67,BOSCH
94.0,9.33,96.67,38.67,270.0,41.33,270.0,9.33,BOSCH
95.33,50.67,95.33,65.33,267.33,65.33,267.33,50.67,科技成就生活之美
8.67,50.67,8.67,65.33,76.67,65.33,76.67,50.67,博世
15.33,693.33,15.33,765.33,500.67,765.33,500.67,693.33,博世滤芯套装组合
543.33,694.67,543.33,765.33,778.0,765.33,778.0,694.67,超值合算
224.67,420.0,224.67,445.33,302.0,445.33,302.0,420.0,润泽
304.67,422.67,304.67,444.0,456.67,444.0,456.67,422.67,车品专营店
303.33,452.0,303.33,472.0,570.0,472.0,570.0,452.0,https://runzecp.trnall.com
719.33,332.0,719.25,340.5,751.25,343.5,754.0,336.0,MRHLE
388.42,207.58,388.0,213.89,435.16,220.63,436.42,213.89,###
615.33,596.0,612.75,603.5,648.25,627.0,650.25,617.5,###
627.33,464.0,624.67,478.67,647.79,478.74,650.0,466.67,###
105.25,428.0,106.25,442.0,130.25,432.5,127.75,420.0,CC
131.75,418.0,134.75,428.5,151.25,423.0,148.75,409.0,05
116.25,477.0,117.75,483.0,160.25,463.0,161.25,457.0,###
120.25,497.0,122.75,501.5,164.25,481.0,164.75,476.0,###
98.75,408.0,101.75,423.0,149.25,402.0,144.25,389.5,别克凯
530.55,393.45,530.55,399.27,554.55,399.27,554.55,393.45,###
558.91,394.91,558.18,399.27,590.91,402.18,590.91,397.82,###
587.27,536.0,586.55,543.27,612.73,544.0,613.45,538.18,###
650.55,412.36,650.55,426.18,718.91,431.27,716.73,419.64,###
668.0,327.27,664.36,355.64,670.18,357.09,674.55,328.0,###
645.45,373.09,642.55,386.91,646.91,394.91,649.82,386.18,###
666.15,287.38,664.36,293.82,689.09,297.45,688.36,290.91,###
49.82,344.0,49.09,351.27,70.18,359.27,69.45,349.82,###
60.75,400.5,60.25,405.0,68.73,408.73,68.25,405.0,###
61.75,406.5,63.25,412.0,74.75,418.5,76.25,415.0,###
63.25,412.0,64.25,417.0,72.25,421.5,73.25,418.5,###
66.75,423.0,67.25,428.0,75.75,432.0,75.25,428.5,###
68.75,428.5,68.25,432.0,72.75,434.5,73.25,432.0,###
70.75,437.5,69.75,441.0,87.75,451.0,87.25,448.0,###
71.25,442.0,73.25,447.0,92.25,458.0,92.75,454.0,###
153.25,616.0,152.75,622.0,169.75,610.0,168.75,606.5,###
142.25,580.0,143.25,584.5,173.25,568.0,171.75,562.0,###
143.75,585.5,145.25,588.5,173.75,573.0,172.75,569.0,###
118.25,486.5,118.25,490.5,162.75,468.0,162.75,464.5,###
119.25,490.0,119.25,495.0,150.75,480.5,151.25,476.0,###
122.25,503.0,124.75,507.0,160.75,488.0,159.75,484.0,###
124.75,509.5,124.75,514.0,162.75,494.5,160.75,490.0,###
125.25,515.5,125.75,521.0,167.25,498.5,167.75,492.5,###
126.25,521.0,128.25,526.5,168.75,505.5,168.75,499.5,###
130.25,529.0,130.25,532.5,172.75,509.5,168.25,507.0,###
130.75,534.0,130.75,537.0,172.25,516.0,170.75,512.5,###
133.25,538.5,132.75,544.0,172.75,522.5,170.25,519.0,###
134.75,544.0,134.75,550.5,159.75,536.0,160.25,531.0,###
696.75,397.5,696.75,406.5,709.25,406.5,709.25,397.5,KL
713.75,399.5,713.75,407.5,733.25,408.5,734.25,401.5,714
688.25,431.0,689.25,434.5,726.25,438.0,726.25,435.5,###
563.25,478.5,562.25,484.0,597.25,487.5,597.25,481.5,###
560.75,486.0,560.25,491.5,586.75,493.0,586.75,487.0,OB057
573.25,489.5,573.25,490.0,573.25,490.0,573.25,489.5,###
532.25,476.5,532.25,480.0,556.25,484.0,558.25,478.5,###
530.25,481.5,531.75,484.5,550.25,486.0,550.25,481.5,###
633.25,603.5,631.25,609.0,666.25,620.0,665.75,614.5,###
629.75,595.0,626.75,597.5,649.75,609.0,649.25,604.5,###
681.75,612.0,681.75,618.5,692.25,618.5,692.25,612.0,###
466.25,517.0,476.25,538.5,492.75,535.0,481.25,514.0,HLE
480.75,545.0,483.75,568.0,496.75,564.5,494.25,542.0,KL
485.25,570.5,485.25,595.5,497.75,592.0,497.75,567.5,714
464.25,524.5,475.75,555.0,480.75,553.0,470.25,522.5,###
529.47,492.63,529.47,495.58,540.84,495.58,540.84,492.63,###
529.89,496.42,531.16,498.53,542.53,499.79,542.53,496.42,###
528.63,498.95,528.21,501.89,552.63,504.84,552.63,501.47,###
528.21,503.16,528.63,505.26,550.95,508.21,552.63,504.84,###
527.79,506.53,528.21,509.47,543.37,511.16,543.37,506.53,###
528.63,509.89,528.63,513.26,542.53,513.26,542.53,509.89,###
532.0,513.68,532.42,516.21,552.63,517.89,552.21,514.95,###
712.31,309.54,711.08,315.08,749.23,320.0,748.0,314.46,###
