0.48,21.16,0.48,51.93,127.42,51.93,127.42,21.16,保证正品
369.76,21.16,369.76,67.32,557.29,67.32,557.29,21.16,车载专用
500.55,155.79,500.55,201.95,544.78,201.95,544.78,155.79,特
498.62,325.04,498.62,370.24,545.75,370.24,545.75,325.04,包邮
499.59,407.75,499.59,453.91,544.78,453.91,544.78,407.75,邮
382.26,311.58,382.26,327.93,440.92,327.93,440.92,311.58,演绎卓越
385.15,329.85,385.15,334.66,439.0,334.66,439.0,329.85,###
384.19,335.62,384.19,341.39,423.61,341.39,423.61,335.62,###
344.76,270.23,344.76,279.85,409.19,279.85,409.19,270.23,1.2V-2.4V通用
344.76,257.73,344.76,268.31,411.11,268.31,411.11,257.73,SPESD-XLSERIES
344.76,244.26,344.76,256.76,412.07,256.76,412.07,244.26,IPRE106
155.31,267.34,155.31,280.81,307.25,280.81,307.25,267.34,SHAVERFORAUTOMBILE
151.46,234.65,151.46,265.42,307.25,265.42,307.25,234.65,车用剃须刀
154.35,423.13,154.35,438.52,234.17,438.52,234.17,423.13,ipre特沃浦
153.39,477.95,153.39,486.6,237.05,486.6,237.05,477.95,###
154.35,501.03,154.35,510.64,235.13,510.64,235.13,501.03,###
151.46,396.21,151.46,404.86,195.7,404.86,195.7,396.21,speed-xl
150.5,384.67,150.5,396.21,232.24,396.21,232.24,384.67,双环【极速】刀网
497.66,241.38,497.66,284.65,544.78,284.65,544.78,241.38,价
151.26,412.14,151.26,406.37,232.04,406.37,232.04,412.14,dualshavingheads
