192.79,102.67,195.13,208.83,206.21,209.42,203.88,104.42,ICOSMETICS
203.88,102.67,203.88,169.17,260.46,169.17,260.46,102.67,B
217.88,145.83,217.88,210.0,279.71,210.0,279.71,145.83,y
380.04,77.0,374.79,191.92,385.88,191.33,389.96,77.0,ICOSMETICS
391.71,78.17,391.71,152.83,443.04,152.83,443.04,78.17,B
411.54,128.92,411.54,195.42,451.21,197.75,462.88,131.83,y
217.29,336.58,217.29,371.58,427.29,371.58,427.29,336.58,欧梦泉-忍忍
440.81,334.06,443.53,371.0,552.42,369.06,553.97,333.67,名妆店
204.17,402.73,203.23,408.8,264.37,411.6,262.97,406.47,###
266.7,406.0,266.23,411.6,313.83,407.4,313.37,401.33,###
204.17,412.07,204.63,420.0,260.63,423.73,259.7,416.73,###
203.7,424.67,203.23,430.27,265.77,434.47,265.3,427.0,###
269.5,426.53,268.57,434.93,314.77,428.87,314.3,422.33,###
203.23,440.07,202.3,452.2,284.9,455.47,285.83,444.27,Cleansing
291.43,442.87,291.43,454.53,319.43,446.6,319.9,436.33,milk
203.23,460.6,202.77,468.53,243.37,473.2,243.37,465.27,###
247.1,466.2,247.1,473.2,280.7,473.2,280.7,466.2,###
284.43,464.33,285.37,472.73,325.03,460.13,325.03,454.53,###
203.7,473.2,203.7,482.07,246.17,486.27,246.63,480.2,###
249.9,478.8,248.97,486.73,285.37,486.73,285.37,477.87,###
204.17,496.07,203.23,512.4,245.7,517.53,244.77,503.53,BfYU
354.9,437.27,354.86,447.61,368.43,449.4,368.43,443.8,The
371.23,444.27,371.23,451.73,422.1,463.4,423.03,456.87,efundamefal
425.37,455.93,424.9,465.73,483.7,478.33,481.37,469.47,oftrangkucen
354.47,453.83,353.31,459.67,368.47,461.61,368.08,455.78,and
371.58,457.72,371.19,463.94,396.86,470.56,399.19,464.33,watery
401.14,465.5,401.14,470.94,417.47,475.61,418.64,468.22,skin
353.31,465.11,352.53,472.11,393.36,482.61,394.92,475.22,Porerfuliy
396.86,476.78,395.31,484.17,455.97,497.78,455.97,491.94,relieveaoeirg
460.64,492.72,459.47,499.72,487.86,505.56,486.31,497.0,racks
351.75,483.0,352.14,497.39,443.92,520.33,446.64,507.11,Cleansing
452.08,509.83,454.03,523.44,496.03,532.39,496.42,517.22,milk
350.97,504.78,350.97,514.5,395.69,526.56,394.53,515.67,CELGHTEDWHITE&
398.81,517.22,399.19,526.94,434.97,537.06,433.81,527.72,###
436.92,528.5,437.31,539.78,497.97,552.61,498.36,542.89,BRGHTENNC
350.97,521.11,351.75,530.44,447.03,558.06,443.53,545.22,###
350.19,555.72,349.03,573.22,395.69,585.28,395.31,569.33,BfYU
11.86,663.06,11.86,712.83,112.97,712.83,112.97,663.06,包邮
132.03,663.06,132.03,712.44,333.08,712.44,333.08,663.06,皇冠正品
352.92,671.22,352.92,709.72,691.25,709.72,691.25,671.22,买就送礼品中样啦！！
78.36,691.06,78.36,691.06,77.97,691.06,77.97,691.06,###
73.69,688.72,73.69,688.33,73.31,688.33,73.31,688.72,###
