265.65,303.1,265.65,316.4,454.65,316.4,454.65,303.1,IMYOURRICETAOBAOCOM
318.15,265.3,318.15,291.2,365.05,291.2,365.05,265.3,蜜米
225.05,186.2,218.75,198.1,286.65,214.2,294.35,203.7,###
215.25,202.3,206.85,213.5,275.45,232.4,283.15,220.5,###
348.25,91.7,348.25,112.0,423.85,112.0,423.85,91.7,独家限售
325.85,83.3,325.85,100.8,344.75,100.8,344.75,83.3,米
309.05,82.6,309.05,108.5,255.15,108.5,255.15,82.6,Mi
385.35,450.8,369.25,463.4,443.45,520.8,460.25,508.9,LUXURY
361.55,472.5,347.55,486.5,423.85,547.4,437.85,534.1,COTTON
289.45,515.9,289.45,548.8,17.15,548.8,17.15,515.9,*SilkSensation*
307.65,568.4,307.65,630.7,68.25,630.7,68.25,568.4,极品丝绵
