112.67,628.0,112.67,674.67,263.33,674.67,263.33,628.0,沃丽采
280.67,658.67,280.67,676.0,398.0,676.0,398.0,658.67,100%海外精品
279.33,626.67,279.33,656.0,398.0,656.0,398.0,626.67,韩国代购
218.0,741.33,218.0,756.0,300.67,756.0,300.67,741.33,23ml/0.78FL.OZ
772.67,654.67,798.0,690.67,670.0,798.67,635.33,773.33,正品保证
571.33,334.67,571.33,368.0,724.67,368.0,724.67,334.67,补水保湿
568.67,265.33,568.67,302.67,720.67,302.67,720.67,265.33,镇静舒缓
568.67,200.0,568.67,237.33,723.33,237.33,723.33,200.0,美白祛黄
308.67,21.33,308.67,106.67,748.67,106.67,748.67,21.33,红石榴面膜
260.67,48.0,260.67,81.33,20.67,81.33,20.67,48.0,Farmstay
320.67,208.0,320.67,226.67,199.33,226.67,199.33,208.0,Farmstay
450.0,369.33,450.0,392.0,242.0,392.0,242.0,369.33,POMEGRANATE
399.33,301.33,399.33,313.33,434.0,313.33,434.0,301.33,###
402.0,284.0,402.0,294.67,432.67,294.67,432.67,284.0,###
68.67,454.67,68.67,464.0,223.33,464.0,223.33,454.67,###
242.0,453.33,242.0,462.67,451.33,462.67,451.33,453.33,###
242.0,464.0,242.0,472.0,450.0,472.0,450.0,464.0,###
242.0,473.33,242.0,481.33,426.0,481.33,426.0,473.33,###
70.0,468.0,70.0,480.0,223.33,480.0,223.33,468.0,###
375.33,414.67,375.33,428.0,451.33,428.0,451.33,414.67,###
