290.63,13.75,290.63,46.25,8.13,46.25,8.13,13.75,Doncraticc
9.38,55.0,9.38,75.0,199.38,75.0,199.38,55.0,达衣岩一是艺术为生活
635.63,145.0,635.63,158.75,730.63,158.75,730.63,145.0,扫描二维码逛本店
670.63,65.0,670.63,86.25,696.88,86.25,696.88,65.0,淘
373.13,77.5,373.13,90.0,403.13,90.0,403.13,77.5,###
358.13,88.75,358.13,98.75,415.63,98.75,415.63,88.75,Doncraticc
335.63,185.0,335.63,198.75,404.38,198.75,404.38,185.0,###
596.88,227.5,656.88,332.5,156.88,618.75,110.63,506.25,衣柜代购
453.13,125.0,471.88,166.25,143.13,356.25,116.88,310.0,QQ5604903
5.63,228.75,5.63,242.5,15.63,242.5,15.63,228.75,1
9.38,343.75,9.38,357.5,19.38,357.5,19.38,343.75,2
13.13,457.5,13.13,473.75,23.13,473.75,23.13,457.5,3
15.63,567.5,15.63,581.25,25.63,581.25,25.63,567.5,4
18.13,675.0,18.13,691.25,30.63,691.25,30.63,675.0,5
21.88,783.75,21.88,801.25,33.13,801.25,33.13,783.75,6
738.13,466.25,746.88,501.25,154.38,843.75,126.88,796.25,旺旺huangyupingcax
701.88,692.5,701.88,767.5,740.63,767.5,740.63,692.5,手机
708.13,780.0,708.13,983.75,735.63,983.75,735.63,780.0,15989862068
141.88,962.5,141.88,981.25,635.63,981.25,635.63,962.5,http://yigiu.taobao.com
39.38,838.75,39.38,847.5,51.88,847.5,51.88,838.75,###
