256.03,531.56,263.97,550.33,380.25,472.33,369.42,457.17,花香满屋正品代购
79.08,649.28,108.69,647.83,158.53,618.22,152.03,600.89,正品代购
-0.36,572.0,2.53,589.33,20.58,580.67,11.92,564.78,购
103.64,506.28,115.92,520.72,230.75,443.44,221.36,427.56,花香满屋正品代购
-0.36,440.56,2.53,462.94,54.53,426.83,46.58,411.67,品代购
132.53,350.28,141.92,365.44,259.64,290.33,248.81,273.72,花香满屋正品代购
1.81,310.56,0.36,332.22,65.36,289.61,53.08,275.17,正品代购
2.53,174.06,2.53,196.44,81.97,140.83,71.14,127.83,屋正品代购
0.36,56.33,-0.36,76.56,12.64,65.72,12.64,49.83,###
131.81,87.39,141.19,101.11,257.47,20.94,248.08,5.78,花香满屋正品代购
123.14,232.56,133.97,250.61,250.97,170.44,241.58,153.83,花香满屋正品代购
295.75,119.17,309.47,133.61,424.31,54.89,414.19,36.83,花香满屋正品代购
321.75,220.28,333.31,234.72,451.03,158.17,443.08,140.83,花香满屋正品代购
521.08,85.22,529.75,98.94,647.47,21.67,638.81,5.78,花香满屋正品代购
487.86,247.0,500.86,264.33,618.58,186.33,607.03,169.72,花香满屋正品代购
312.36,364.72,325.36,381.33,440.92,304.78,428.64,287.44,花香满屋正品代购
456.08,401.56,471.25,417.44,586.08,338.0,578.14,322.11,花香满屋正品代购
567.31,440.56,578.86,457.89,649.64,409.5,646.03,390.72,花香满屋正
383.14,566.22,396.14,581.39,511.69,502.67,502.31,486.78,花香满屋正品代购
550.69,566.94,562.25,581.39,648.19,520.72,649.64,499.06,花香满屋正品
484.97,619.67,445.25,649.28,475.58,648.56,492.19,638.44,代购
307.31,621.11,269.75,648.56,299.36,648.56,321.03,635.56,代购
614.97,648.56,639.53,649.28,648.92,644.94,648.19,627.61,###
82.69,2.17,64.64,14.44,93.53,11.56,107.97,2.17,###
23.47,61.39,23.47,92.44,92.08,92.44,92.08,61.39,正品
24.19,23.83,24.19,56.33,94.97,56.33,94.97,23.83,专柜
475.58,0.72,474.86,7.94,484.97,9.39,495.81,0.72,###
326.81,20.94,326.81,26.0,350.64,26.0,350.64,20.94,###
