57.15,154.8,57.15,179.1,199.35,179.1,199.35,154.8,飞颖专柜正品代购
67.05,184.5,67.05,205.2,188.55,205.2,188.55,184.5,专柜正品假一赔十
376.65,154.8,376.65,179.1,519.75,179.1,519.75,154.8,飞颖专柜正品代购
387.45,183.6,387.45,205.2,506.25,205.2,506.25,183.6,专柜正品假一赔十
698.85,155.7,698.85,179.1,842.85,179.1,842.85,155.7,飞颖专柜正品代购
710.55,182.7,710.55,204.3,829.35,204.3,829.35,182.7,专柜正品假一赔十
537.75,387.0,537.75,407.7,681.75,407.7,681.75,387.0,飞颖专柜正品代购
215.55,386.1,215.55,408.6,359.55,408.6,359.55,386.1,飞颖专柜正品代购
227.25,413.1,227.25,436.5,348.75,436.5,348.75,413.1,专柜正品假一赔十
548.55,414.0,548.55,434.7,669.15,434.7,669.15,414.0,专柜正品假一赔十
57.15,622.8,57.15,646.2,199.35,646.2,199.35,622.8,飞颖专柜正品代购
66.15,648.9,66.15,673.2,186.75,673.2,186.75,648.9,专柜正品假一赔十
377.55,622.8,377.55,647.1,519.75,647.1,519.75,622.8,飞颖专柜正品代购
386.55,649.8,386.55,672.3,508.05,672.3,508.05,649.8,专柜正品假一赔十
700.65,622.8,700.65,646.2,842.85,646.2,842.85,622.8,飞颖专柜正品代购
711.45,648.9,711.45,670.5,831.15,670.5,831.15,648.9,专柜正品假一赔十
216.45,837.0,216.45,860.4,358.65,860.4,358.65,837.0,飞颖专柜正品代购
227.25,864.9,227.25,884.7,347.85,884.7,347.85,864.9,专柜正品假一赔十
537.75,836.1,537.75,861.3,680.85,861.3,680.85,836.1,飞颖专柜正品代购
548.55,864.9,548.55,888.3,669.15,888.3,669.15,864.9,专柜正品假一赔十
54.45,1056.6,54.45,1080.0,198.45,1080.0,198.45,1056.6,飞颖专柜正品代购
65.25,1084.5,65.25,1106.1,188.55,1106.1,188.55,1084.5,专柜正品假一赔十
375.75,1057.5,375.75,1079.1,520.65,1079.1,520.65,1057.5,飞颖专柜正品代购
386.55,1084.5,386.55,1105.2,508.05,1105.2,508.05,1084.5,专柜正品假一赔十
712.35,1082.7,712.35,1105.2,830.25,1105.2,830.25,1082.7,专柜正品假一赔十
699.75,1055.7,699.75,1080.0,842.85,1080.0,842.85,1055.7,飞颖专柜正品代购
441.5,670.0,441.5,669.0,441.5,669.0,441.5,670.0,###
