25.63,7.5,25.63,43.75,100.63,43.75,100.63,7.5,官方
24.38,48.75,24.38,87.5,103.13,87.5,103.13,48.75,专卖
154.38,8.75,154.38,47.5,228.13,47.5,228.13,8.75,正品
151.88,51.25,151.88,86.25,229.38,86.25,229.38,51.25,保证
274.38,7.5,274.38,46.25,349.38,46.25,349.38,7.5,全国
275.63,47.5,275.63,85.0,349.38,85.0,349.38,47.5,联保
480.63,22.5,480.63,71.25,674.38,71.25,674.38,22.5,FZ4001
305.63,188.75,305.63,231.25,360.63,231.25,360.63,188.75,IH
380.63,182.5,380.63,236.25,621.88,236.25,621.88,182.5,电磁加热
305.63,282.5,305.63,336.25,669.38,336.25,669.38,282.5,立体环绕加热
305.63,380.0,305.63,436.25,671.88,436.25,671.88,380.0,涡轮动力技术
168.13,362.5,168.13,386.25,255.63,397.5,256.88,371.25,焖香鼎釜
210.63,545.0,211.88,555.0,255.63,561.25,255.63,548.75,双向翻滚
240.63,561.25,240.63,577.5,509.38,577.5,509.38,561.25,sihaisx.taobao.com
273.13,530.0,273.13,556.25,475.63,556.25,475.63,530.0,四海思行良品店
108.13,521.25,109.38,541.25,170.63,551.25,171.88,533.75,焖香鼎釜
175.63,535.0,175.63,557.5,211.88,557.5,211.88,535.0,720°
664.38,560.0,664.38,652.5,81.88,652.5,81.88,560.0,美的新品旗舰款
179.38,488.75,179.38,525.0,276.88,540.0,275.63,505.0,灶火饭
88.13,456.25,88.13,515.0,171.88,535.0,175.63,472.5,焖香
301.88,477.5,301.88,533.75,731.88,533.75,731.88,477.5,航天级钛金羽翼
