434.44,67.38,434.44,123.38,668.94,123.38,668.94,67.38,荷兰直邮
81.81,289.63,81.81,301.0,136.94,301.0,136.94,289.63,VERNIEUWD
103.69,321.13,103.69,335.13,189.44,335.13,189.44,321.13,NUTRICIA
101.94,337.75,101.94,383.25,317.19,383.25,317.19,337.75,Nutrilon
247.19,399.0,247.19,383.25,316.31,383.25,316.31,399.0,Pronutra﹢
178.06,441.0,178.06,429.63,239.31,429.63,239.31,441.0,Metdejuiste
180.69,450.63,180.69,441.88,239.31,441.88,239.31,450.63,bouwstenen
173.69,462.88,173.69,453.25,245.44,453.25,245.44,462.88,coorjekindjein
186.81,474.25,186.81,463.75,232.31,463.75,232.31,474.25,dezefase
76.56,536.38,76.56,516.25,246.31,516.25,246.31,536.38,PeuterPlusmelk
290.06,548.63,290.06,480.38,336.44,480.38,336.44,548.63,6
282.19,564.38,282.19,552.13,335.56,552.13,334.69,561.75,Vanaf3jaac
157.94,625.63,157.94,657.13,288.31,657.13,288.31,625.63,安雅荷兰
395.5,657.0,394.19,630.88,570.94,630.88,570.5,655.0,Anja-Holland
629.56,655.38,629.56,643.13,663.69,643.13,663.69,655.38,安雅
610.31,670.25,610.31,658.88,679.44,658.88,679.44,670.25,荷兰婴品店
460.69,213.5,460.69,251.13,635.69,251.13,635.69,213.5,》超市亲购
453.69,274.75,453.69,309.75,642.69,309.75,642.69,274.75,》10罐包邮
460.69,333.38,460.69,370.13,636.56,370.13,636.56,333.38,》小票原件
459.81,392.88,459.81,429.63,637.44,429.63,637.44,392.88,》微博定义
461.56,452.38,461.56,488.25,635.69,488.25,635.69,452.38,》实拍视频
