185.63,527.25,185.63,537.75,279.38,543.0,279.38,532.5,###
133.88,507.75,133.88,534.0,215.04,532.29,213.11,508.5,日本直邮，
98.63,478.5,98.63,498.75,211.18,499.5,209.25,478.29,日本本土内销，
367.88,516.0,367.88,546.75,399.38,546.75,399.38,516.0,全
409.13,516.0,409.13,544.5,439.13,544.5,439.13,516.0,包
370.88,551.25,370.88,578.25,397.88,578.25,397.88,551.25,场
411.38,552.0,411.38,579.0,437.63,579.0,437.63,552.0,邮
214.13,252.75,214.13,276.75,313.88,276.75,313.88,252.75,pigeon
175.88,376.5,175.88,408.75,260.63,408.75,260.63,376.5,Baby
213.11,415.93,213.75,445.5,334.61,442.29,337.88,414.0,Lotion
180.38,468.0,180.38,484.5,217.88,484.5,217.88,473.25,###
303.38,474.0,302.63,482.25,334.61,477.0,336.38,468.0,###
286.88,129.75,286.88,145.5,422.63,145.5,422.63,129.75,店铺号：8686466
235.88,99.75,235.88,121.5,448.88,121.5,448.88,99.75,球宝の日本正品代购小铺
247.88,189.75,247.88,204.0,304.88,204.0,304.88,189.75,300ml
229.13,152.25,229.13,166.5,314.63,166.5,314.63,152.25,###
235.13,123.0,235.13,138.0,270.38,129.75,267.38,115.5,胎脂
244.13,170.25,244.13,186.75,306.38,186.75,306.38,170.25,###
255.38,135.75,254.63,146.25,281.63,142.5,279.38,131.25,近淘
221.46,510.43,221.46,533.57,334.61,533.57,334.61,510.43,现货包邮到家
224.04,473.14,224.04,479.57,295.39,479.57,295.39,473.14,###
219.54,481.5,219.54,498.21,341.04,498.21,342.32,477.0,100%实物拍摄
