502.79,44.31,502.79,27.79,748.37,27.79,748.37,44.31,PleatedChiffonMaxiSkirt
353.35,69.84,353.35,51.82,413.43,51.82,413.43,69.84,＄59.00
353.35,101.39,353.35,93.12,454.73,93.12,454.73,101.39,NewColorsAvailable
353.35,146.44,353.35,135.93,420.18,135.93,420.18,146.44,Reviews(41)
354.85,190.0,354.85,201.27,393.15,201.27,393.15,190.0,COLOR:
355.6,220.04,355.6,231.31,379.63,231.31,379.63,220.04,SIZE:
417.93,221.54,417.93,231.31,423.19,231.31,423.19,221.54,0
435.2,220.79,435.2,231.31,441.21,231.31,441.21,220.79,2
450.98,221.54,450.98,230.56,458.49,230.56,458.49,221.54,4
469.0,219.29,469.0,231.31,475.01,231.31,475.01,219.29,6
485.52,220.79,485.52,230.56,493.03,230.56,493.03,220.79,8
503.55,219.29,503.55,230.56,514.81,230.56,514.81,219.29,10
527.58,219.29,527.58,230.56,537.34,230.56,537.34,219.29,12
367.61,347.71,367.61,329.69,502.79,329.69,502.79,347.71,AddToBag
547.85,348.46,547.85,339.45,587.66,339.45,587.66,348.46,ADDTO
547.85,363.48,547.85,352.97,597.42,352.97,597.42,363.48,WISHLIST
640.23,348.46,640.23,339.45,663.51,339.45,663.51,348.46,SIZE
640.23,362.73,640.23,353.72,673.27,353.72,673.27,362.73,CHART
708.57,348.46,708.57,340.2,750.62,340.2,750.62,348.46,AVAILAB
707.07,362.73,707.07,353.72,746.12,353.72,746.12,362.73,ONLINE
352.59,383.76,352.59,374.75,509.55,375.5,508.05,383.76,FreeReturns!&FreeShipping
353.35,399.53,353.35,389.02,459.24,389.02,459.24,399.53,onallordersovers50
354.1,461.87,354.1,447.6,414.93,447.6,414.93,461.87,Details
354.85,488.15,354.85,503.17,427.69,503.17,427.69,488.15,Reviews
