162.22,720.0,162.22,764.44,305.33,764.44,305.33,720.0,帕拉丁
332.89,720.0,332.89,768.0,475.11,768.0,475.11,720.0,森林人
154.22,656.0,154.22,704.0,249.33,704.0,249.33,656.0,天籁
264.44,656.0,264.44,702.22,357.78,702.22,357.78,656.0,逍客
372.89,655.11,372.89,703.11,469.78,703.11,469.78,655.11,俊逸
372.89,587.56,372.89,632.89,469.78,632.89,469.78,587.56,轩逸
265.33,586.67,265.33,631.11,356.0,631.11,356.0,586.67,颐达
158.67,586.67,158.67,632.89,249.33,632.89,249.33,586.67,骐达
11.11,586.67,11.11,632.89,123.11,632.89,123.11,586.67,适用：
465.33,647.11,522.22,749.33,725.78,620.44,653.78,527.11,正品
528.44,492.44,524.0,507.56,570.22,520.89,572.89,504.89,东莞市
575.56,507.56,576.44,522.67,625.33,525.33,624.44,512.0,盛联滤
214.67,457.78,218.22,469.33,404.89,469.33,401.33,456.0,适用车型：天籁，帕拉丁，D22
211.11,437.33,213.78,450.67,380.89,449.78,380.89,432.0,原件编号：15208-65F00
202.22,414.22,206.67,428.44,345.33,426.67,345.33,410.67,生产编号：SO-224
160.44,349.33,160.44,364.44,329.33,361.78,331.11,345.78,S-LFILTER
138.22,134.22,134.67,153.78,337.33,153.78,337.33,131.56,SO-224
596.89,441.78,595.11,460.44,644.0,460.44,640.44,441.78,盛联
644.89,441.78,643.11,459.56,702.67,451.56,704.44,432.0,滤清器
618.22,465.78,618.22,475.56,643.11,475.56,643.11,465.78,SC
644.0,463.11,644.0,474.67,680.44,470.22,679.56,460.44,-224
683.11,503.11,682.22,513.78,723.11,495.11,725.78,481.78,###
626.22,509.33,626.22,523.56,644.0,523.56,644.0,509.33,清
548.89,485.33,546.22,498.67,568.44,501.33,571.11,491.56,通过
572.0,494.22,572.0,506.67,623.56,509.33,625.33,497.78,SO-9001：
627.11,495.11,627.11,507.56,647.56,507.56,647.56,495.11,2000
652.0,495.11,651.11,507.56,677.78,500.44,683.11,490.67,###
576.44,472.89,574.67,481.78,592.44,484.44,594.22,475.56,FOR
592.44,483.56,593.33,493.33,651.11,493.33,651.11,485.33,NISSAN
687.56,491.56,689.33,497.78,724.0,481.78,721.33,471.11,###
661.78,483.56,660.0,490.67,708.0,476.44,716.89,465.78,###
613.78,130.67,599.56,138.67,668.0,173.33,683.11,166.22,SL-A211
694.67,392.89,693.78,404.44,706.22,404.44,708.0,391.11,?
289.33,232.89,289.33,250.67,310.67,252.44,309.78,232.89,?
532.0,152.0,533.78,161.78,547.11,161.78,547.11,152.0,?
