1.65,3.31,1.65,14.56,41.35,14.56,41.35,3.31,mua
55.25,11.25,55.25,57.56,18.2,57.56,18.2,11.25,马
76.42,15.88,76.42,50.29,114.8,50.29,114.8,15.88,上
132.0,11.91,132.0,50.95,174.35,50.95,174.35,11.91,涨
396.01,10.59,396.01,50.95,220.0,50.95,220.0,10.59,只限今天
356.31,50.95,356.31,66.17,382.77,66.17,382.77,50.95,QAQ
49.29,70.14,49.29,78.08,108.84,78.08,108.84,70.14,###
51.28,79.4,51.28,92.63,102.23,92.63,102.23,79.4,震撼低价
257.72,277.24,259.7,287.82,223.31,304.37,221.33,291.13,6.5cm
24.81,347.38,24.81,390.38,363.59,390.38,363.59,347.38,全店满9.9元包邮
142.59,32.42,142.59,32.42,143.25,32.42,143.25,32.42,###
