572.79,3.88,558.81,24.85,692.4,44.27,694.73,19.42,CHANEL
621.72,135.14,592.99,156.89,630.26,177.86,655.12,147.57,C
667.54,154.56,645.02,184.07,698.61,205.04,698.61,168.54,H
656.67,210.48,649.68,219.02,697.83,242.32,698.61,226.79,###
568.13,181.74,554.93,191.06,698.61,260.18,697.83,246.2,###
629.49,229.12,623.27,243.87,697.83,279.6,697.83,263.29,###
401.92,191.84,398.04,201.16,424.45,215.14,430.66,207.37,###
408.91,228.34,412.8,240.77,425.22,243.1,426.78,233.0,###
446.97,257.85,491.24,285.04,502.11,273.39,450.85,249.31,###
438.43,273.39,432.21,284.26,543.28,349.5,549.49,332.41,###
564.25,392.99,565.02,420.95,697.83,387.56,692.4,360.37,HANEL
441.53,309.89,445.42,326.98,462.5,329.31,467.16,323.09,###
486.58,363.48,478.04,374.35,495.12,385.23,502.89,376.68,###
439.98,609.68,461.73,629.88,472.6,618.23,450.85,599.59,200
398.82,566.97,391.83,572.4,407.36,585.61,416.68,575.51,###
442.31,563.86,442.31,570.07,453.18,570.07,453.18,563.86,###
0.39,255.52,2.72,303.68,284.65,236.88,261.35,195.72,CHANEL
467.16,584.05,478.81,597.26,486.58,597.26,478.81,582.5,###
507.55,514.15,507.55,555.32,560.37,555.32,560.37,514.15,全
596.87,514.93,596.87,555.32,647.35,555.32,647.35,514.93,国
530.07,636.09,530.07,678.03,617.06,678.03,617.06,636.09,包邮
516.87,576.29,516.87,618.23,648.13,618.23,648.13,576.29,满68元
