55.0,10.0,55.0,33.33,138.33,33.33,138.33,10.0,皇冠信誉
55.0,34.0,55.0,54.0,137.67,54.0,137.67,34.0,至尊保障
147.0,52.67,147.0,59.33,163.67,59.33,163.67,52.67,dm
295.67,16.67,295.67,40.0,393.67,40.0,393.67,16.67,限时秒杀
306.33,55.33,306.33,72.67,392.33,72.67,392.33,55.33,100%正品
79.67,65.33,79.67,74.67,124.33,74.67,124.33,65.33,DAS
64.33,74.67,64.33,89.33,165.67,89.33,165.67,74.67,gesunde
95.0,94.0,95.0,108.0,153.0,108.0,153.0,94.0,PLUS
101.0,153.33,101.0,160.0,186.33,160.0,186.33,153.33,###
158.33,168.0,158.33,178.0,101.67,178.0,101.67,168.0,HaarVital
153.0,182.0,153.0,192.0,101.67,192.0,101.67,182.0,Komplex
136.33,196.67,136.33,204.67,101.0,204.67,101.0,196.67,mitZink
167.0,211.33,167.0,217.33,101.67,217.33,101.67,211.33,###
175.67,219.33,175.67,226.67,101.67,226.67,101.67,219.33,###
149.67,230.0,149.67,238.67,101.67,238.67,101.67,230.0,+10mgZink
186.33,241.33,186.33,250.0,102.33,250.0,102.33,241.33,+8wichbgeVitalsoffe
145.67,278.67,145.67,288.0,102.33,288.0,102.33,278.67,60Kapseln
39.67,346.0,39.67,379.33,74.33,379.33,74.33,346.0,新
129.67,326.67,129.67,352.67,389.0,352.67,389.0,326.67,德国原装正品；双冠信誉；
129.67,368.67,129.67,394.67,231.0,394.67,231.0,368.67,北京现货；
244.33,370.67,244.33,394.67,291.71,393.71,290.57,370.29,三件
294.0,360.57,296.29,396.0,374.33,396.0,374.33,358.0,包邮！
195.0,62.0,195.67,67.33,203.67,70.0,203.67,65.33,###
195.0,68.0,196.33,73.33,205.0,76.0,205.0,72.67,###
195.67,74.0,197.0,79.33,204.33,81.33,205.0,78.67,###
195.67,79.33,196.33,84.67,203.67,87.33,203.0,82.67,###
195.0,162.67,195.67,168.67,205.0,170.67,205.0,164.67,###
195.67,170.0,197.0,174.67,205.0,176.0,203.67,171.33,###
195.0,176.0,195.67,180.67,204.33,182.0,204.33,178.67,###
194.33,181.33,194.33,186.0,204.33,186.0,204.33,181.33,###
195.67,187.33,195.67,192.0,201.67,192.0,201.67,187.33,###
195.67,193.33,195.67,197.33,202.33,197.33,202.33,193.33,###
195.0,204.67,195.0,210.0,201.67,210.0,201.67,204.67,###
195.67,211.33,195.67,216.67,203.67,216.67,203.67,211.33,###
196.33,217.33,196.33,222.0,203.67,222.0,203.67,217.33,###
195.0,154.67,195.67,159.33,204.33,161.33,203.67,156.0,###
195.67,148.67,195.67,154.67,205.0,154.67,205.0,152.0,###
195.67,143.33,196.33,148.0,205.67,149.33,205.0,146.0,###
195.67,134.67,196.33,140.67,204.33,140.67,203.67,136.0,###
195.0,128.67,195.67,133.33,203.67,134.67,203.67,132.0,###
195.67,112.0,195.67,116.67,203.67,118.0,203.0,113.33,###
196.33,123.33,195.0,127.33,204.33,128.67,205.0,126.0,###
194.33,91.33,195.0,96.0,203.67,98.67,205.67,95.33,###
195.67,85.33,195.67,88.67,205.0,93.33,205.0,89.33,###
252.33,65.33,271.0,86.67,249.0,104.67,231.67,78.67,兒
227.67,70.67,251.67,115.33,204.33,143.33,178.33,97.33,妞
176.33,101.33,192.33,125.33,121.0,167.33,107.67,148.0,北京大
321.0,206.67,339.0,226.67,315.67,247.33,299.67,222.67,兒
293.67,212.0,319.67,258.0,273.67,286.67,247.0,240.0,妞
244.33,244.67,261.0,268.67,190.33,313.33,175.0,290.0,北京大
193.4,31.2,194.2,38.0,200.2,40.0,199.0,33.6,###
193.8,40.4,193.8,44.8,199.4,47.2,197.8,41.6,###
194.71,57.14,194.71,61.14,198.14,61.14,197.86,58.29,###
