226.55,54.55,226.55,63.27,234.55,64.0,236.73,54.55,?
97.82,59.64,97.82,88.0,223.64,88.0,223.64,59.64,时尚生活
41.09,96.0,41.09,104.0,222.91,104.0,222.91,96.0,###
643.27,32.73,643.27,91.64,754.55,91.64,750.91,32.73,1件
630.18,108.36,630.18,171.64,753.82,171.64,753.82,108.36,包邮
318.13,460.8,318.13,477.33,354.4,477.33,354.4,460.8,時尚
319.2,477.87,319.2,497.6,349.6,497.6,349.6,477.87,生活
358.13,461.87,358.13,467.2,401.87,467.2,401.87,461.87,###
358.13,469.33,358.13,474.13,405.07,474.13,405.07,469.33,###
367.73,480.0,367.73,496.53,403.47,496.53,403.47,480.0,元素
336.8,513.6,336.8,524.8,353.87,524.27,353.87,513.6,自然
356.0,514.13,356.0,524.27,418.4,524.27,418.4,514.13,###
420.53,513.6,420.53,524.27,437.6,523.73,438.13,513.6,精油
344.8,528.53,344.8,539.2,363.47,540.27,362.93,528.53,植物
365.07,528.53,365.07,539.2,399.73,539.2,399.73,528.53,###
401.33,528.0,401.33,539.2,419.47,539.2,419.47,528.0,添加
421.6,527.47,421.6,540.27,437.6,540.27,437.6,527.47,###
337.33,529.07,337.33,540.8,342.67,540.8,342.67,529.07,###
310.67,547.73,310.67,563.2,381.6,563.2,381.6,547.73,时尚生活
310.13,568.0,310.13,580.8,386.4,580.8,386.4,568.0,香氛祛痘霜
310.13,587.2,310.67,596.27,378.93,596.27,378.93,587.2,Anti-ance
383.2,586.13,383.73,594.13,424.27,594.13,424.27,586.13,Paste
414.67,561.07,439.73,602.67,623.73,488.0,593.87,438.93,正品承诺
310.67,692.27,310.67,706.67,382.67,706.67,382.67,692.27,净含量:35ml
402.4,695.47,402.4,706.13,434.93,706.13,434.93,695.47,FG004
14.33,738.0,17.67,786.0,310.13,790.4,310.13,732.8,100%正品
337.87,730.67,337.87,788.8,603.47,788.8,603.47,730.67,七天包退
653.6,689.6,653.6,755.73,788.53,755.73,788.53,689.6,包邮
669.07,764.8,669.07,796.27,744.8,796.27,744.8,764.8,GO
464.8,463.47,461.07,698.13,477.07,697.07,481.87,463.47,TeaTree&AIoe
