90.68,593.09,90.68,640.18,137.14,640.18,137.14,593.09,授
396.77,600.09,396.77,645.91,613.14,645.91,613.14,600.09,买2减5元
162.59,275.55,162.59,308.64,248.5,308.64,248.5,275.55,Re-e
249.16,274.75,249.16,285.25,255.72,285.25,255.72,274.75,5
464.84,275.19,464.84,285.25,471.41,284.81,471.41,275.19,5
378.22,275.63,378.22,309.31,464.41,309.31,464.41,275.63,Re-e
169.09,417.81,169.09,422.63,226.84,422.63,226.84,417.81,###
169.09,409.94,169.09,414.75,225.09,414.75,225.09,409.94,###
168.66,401.63,168.66,407.75,279.34,407.75,279.34,402.5,###
169.09,387.19,169.09,395.5,193.16,395.5,193.16,387.19,Mask
167.78,374.94,167.78,383.69,233.84,383.69,233.84,374.94,SparklingEye
168.66,364.0,168.66,371.88,224.22,371.88,224.22,364.0,CHINASKIN
168.22,341.69,168.22,350.44,243.03,350.44,243.03,341.69,L.A.S.E.R.WHITE
162.09,264.25,162.09,272.13,262.28,272.13,262.28,264.25,OHINSKINSparklingSeries
379.09,263.81,379.09,271.69,478.41,271.69,478.41,263.81,OHINSKINSparklingSeries
383.91,342.13,383.91,349.56,458.28,349.56,458.28,342.13,L.A.S.E.R.WHITE
384.78,363.13,384.78,371.88,439.91,371.88,439.91,363.13,CHINASKIN
383.91,374.94,383.91,384.13,449.53,384.13,449.53,374.94,SparklingEye
385.22,387.63,385.22,395.06,408.84,395.06,408.84,387.63,Mask
385.22,401.63,385.22,407.75,495.91,407.75,495.91,401.63,###
384.78,409.94,384.78,415.19,440.34,415.19,440.34,409.94,###
385.22,416.94,385.22,422.63,441.22,422.63,441.22,416.94,###
405.78,366.19,405.78,366.63,405.78,366.63,405.78,366.19,###
117.47,263.81,117.47,324.19,127.97,324.19,127.97,263.81,###
333.59,264.69,333.59,324.63,344.09,324.63,344.09,264.69,###
110.47,101.94,110.47,123.38,153.78,123.38,153.78,101.94,劲省
121.41,129.06,121.41,144.38,145.91,144.38,145.91,129.06,14
127.97,137.38,127.97,137.38,128.41,137.38,128.41,137.38,###
547.09,31.5,547.09,90.56,649.03,90.56,649.03,31.5,买2
509.47,104.13,509.47,166.69,680.09,166.69,680.09,104.13,送1片
150.94,592.38,150.94,643.13,365.31,643.13,365.31,592.38,品牌授权
