608.48,565.95,608.48,607.95,422.63,607.95,422.63,565.95,正品保证
119.18,2.1,185.33,2.1,0.53,199.5,1.58,120.75,原装进口
235.73,77.7,235.73,96.6,369.07,96.6,369.07,77.7,5POWERFUI
232.58,106.05,232.58,123.9,374.32,123.9,374.32,106.05,INGREDIENTS
362.78,176.4,355.43,205.8,376.43,210.0,384.82,183.75,E
300.82,154.35,302.93,166.95,242.03,176.4,242.03,165.9,###
323.93,182.7,323.93,195.3,223.13,195.3,223.13,182.7,COCOABUTTER
242.03,196.35,242.03,206.85,309.23,206.85,309.23,196.35,FORMULA'
395.32,232.05,395.32,254.1,210.53,254.1,210.53,232.05,ScarSerum
368.03,544.95,368.03,553.35,235.73,553.35,235.73,544.95,ReducestheAppearance
354.38,556.5,354.38,567.0,251.48,567.0,251.48,556.5,ofScarsandMarks
340.73,574.35,340.73,586.95,263.03,586.95,263.03,574.35,###
12.08,567.0,12.08,619.5,61.43,619.5,61.43,567.0,雪
273.53,498.75,273.53,506.1,335.48,506.1,335.48,498.75,###
286.13,454.65,286.13,462.0,324.98,462.0,324.98,454.65,###
275.63,447.3,275.63,453.6,333.38,453.6,333.38,447.3,###
320.78,431.55,321.82,439.95,281.93,443.1,279.82,435.75,###
385.88,276.15,385.88,287.7,348.07,292.95,348.07,283.5,###
386.93,315.0,389.03,325.5,347.03,332.85,347.03,320.25,###
256.73,333.9,255.68,345.45,215.78,351.75,214.73,340.2,###
257.78,295.05,257.78,305.55,216.83,315.0,215.78,303.45,###
256.73,263.55,256.73,268.8,217.88,277.2,217.88,263.55,###
384.82,350.7,384.82,362.25,345.98,368.55,348.07,357.0,###
384.82,389.55,385.88,399.0,353.32,405.3,352.28,394.8,###
386.93,426.3,385.88,436.8,353.32,439.95,353.32,429.45,###
384.82,463.05,385.88,472.5,352.28,477.75,356.48,467.25,###
381.68,498.75,382.73,510.3,351.23,514.5,353.32,506.1,###
247.28,484.05,247.28,494.55,214.73,497.7,214.73,489.3,###
247.28,447.3,249.38,457.8,213.68,465.15,214.73,452.55,###
246.23,409.5,248.33,422.1,215.78,427.35,214.73,415.8,###
257.78,369.6,257.78,382.2,215.78,389.55,215.78,379.05,###
336.53,512.4,336.53,519.75,278.78,519.75,278.78,512.4,###
180.08,586.95,180.08,616.35,68.78,616.35,68.78,586.95,tiger
348.07,159.6,348.07,171.15,373.28,171.15,373.28,159.6,VILA
375.38,159.6,371.18,171.15,395.32,183.75,402.68,174.3,MIN
