302.91,186.18,302.91,221.09,410.55,221.09,410.55,186.18,10ml装
22.91,256.73,22.91,294.55,436.73,294.55,436.73,256.73,天然进口高级精油补充液
26.55,301.09,26.55,314.18,383.64,314.18,383.64,301.09,AMY'SCRYSTALDRILLNGPLANTESSENTIALOIL
34.55,332.36,34.55,390.55,78.91,390.55,78.91,332.36,6
84.0,355.64,84.0,392.0,118.18,392.0,118.18,355.64,色
131.27,332.36,131.27,389.09,210.55,389.09,210.55,332.36,15
212.73,355.64,212.73,391.27,357.45,391.27,357.45,355.64,香型可选
586.55,442.91,586.55,463.27,649.09,462.55,646.91,445.09,HUIXIA
588.73,399.27,588.73,433.45,683.27,433.45,683.27,399.27,滙香諾
684.73,380.36,684.73,392.0,693.45,392.0,693.45,380.36,R
529.82,597.09,529.82,618.91,622.91,619.64,622.91,598.55,汽车香饰
592.36,567.27,598.18,591.27,684.73,586.91,684.0,560.73,VOL：10ML
628.0,597.82,625.82,617.45,695.64,610.91,699.27,584.73,环保健康专
480.36,523.64,480.36,544.0,523.27,544.0,523.27,523.64,天
480.36,498.18,480.36,518.55,519.64,518.55,519.64,498.18,中
470.18,548.36,470.18,568.73,513.09,568.73,513.09,548.36,水
548.0,474.91,548.0,496.0,653.45,496.0,653.45,474.91,品牌：
548.73,499.64,548.73,519.27,657.09,519.27,657.09,499.64,产地：
549.45,523.64,549.45,544.73,657.09,544.73,657.09,523.64,材质：
520.36,575.27,520.36,597.82,651.27,597.82,651.27,575.27,###
562.55,549.09,562.55,570.91,654.18,570.91,654.18,549.09,香料
314.55,605.09,314.55,613.82,337.09,613.82,337.09,605.09,###
313.09,616.0,313.09,621.82,340.0,619.64,340.73,615.27,###
246.91,600.73,246.91,610.91,268.73,610.91,268.73,600.73,###
245.45,613.09,245.45,616.73,273.09,616.73,273.09,613.09,###
184.36,611.64,184.36,615.27,212.0,615.27,212.0,611.64,###
184.36,602.18,184.36,608.0,207.64,608.0,207.64,602.18,###
123.27,601.45,123.27,608.0,144.36,608.0,144.36,601.45,###
122.55,610.91,122.55,616.73,148.0,616.73,148.0,610.91,###
62.18,604.36,62.18,612.36,84.73,612.36,84.73,604.36,###
57.82,613.82,57.82,618.91,86.18,618.91,86.18,613.82,###
377.82,600.73,377.82,610.18,399.64,610.18,399.64,600.73,###
375.64,612.36,375.64,616.73,403.27,616.73,403.27,612.36,###
456.36,421.09,456.36,450.91,521.82,450.91,522.55,426.91,###
649.09,442.18,652.0,460.36,693.45,452.36,693.45,437.09,NGNUO
25.82,145.45,25.82,229.82,295.64,229.82,295.64,145.45,汇香诺
476.73,472.0,476.73,492.36,518.18,492.36,518.18,472.0,###
307.27,623.27,307.27,629.09,330.55,629.09,330.55,623.27,###
306.55,629.82,306.55,634.18,329.82,634.18,329.82,629.82,###
306.55,635.64,306.55,640.0,329.09,640.0,329.09,635.64,###
301.45,652.36,301.45,658.18,339.27,658.18,339.27,652.36,###
366.91,621.09,366.91,625.45,395.27,625.45,395.27,621.09,###
365.45,626.91,365.45,631.27,395.27,631.27,395.27,626.91,###
366.91,632.0,366.91,637.82,394.55,637.82,394.55,632.0,###
364.0,649.45,364.0,653.09,406.18,653.09,406.18,649.45,###
232.36,648.73,232.36,653.82,273.82,653.82,273.82,648.73,###
246.18,621.82,247.64,626.91,269.45,627.64,269.45,621.82,###
244.0,628.36,244.0,633.45,266.55,633.45,266.55,628.36,###
244.73,634.18,244.73,640.0,266.55,640.0,266.55,634.18,###
185.82,618.18,185.82,624.0,209.09,624.0,209.09,618.18,###
185.09,625.45,185.09,629.09,207.64,629.09,207.64,625.45,###
183.64,629.09,183.64,636.36,214.18,636.36,214.18,629.09,###
109.45,646.55,109.45,652.36,151.64,652.36,151.64,646.55,###
48.36,650.91,48.36,654.55,89.09,654.55,89.09,650.91,###
54.18,621.09,54.18,626.18,79.64,626.18,79.64,621.09,###
53.45,625.45,53.45,632.73,78.18,632.73,78.18,625.45,###
53.45,633.45,53.45,637.82,81.09,637.82,81.09,633.45,###
54.18,639.27,54.18,644.36,76.73,644.36,76.73,639.27,###
120.36,621.09,117.45,624.73,147.27,626.18,147.27,619.64,###
117.45,626.91,117.45,632.0,142.18,632.0,142.18,626.91,###
117.45,632.73,117.45,635.64,145.82,635.64,145.82,632.73,###
117.45,637.82,117.45,645.82,145.82,645.82,145.82,637.82,###
172.73,648.0,172.73,652.36,212.73,652.36,212.73,648.0,###
183.64,637.09,183.64,645.09,209.82,645.09,209.82,637.09,###
