110.5,19.0,110.5,172.0,1063.5,172.0,1063.5,19.0,罗兰省代批发
144.5,216.0,144.5,243.0,209.5,243.0,209.5,216.0,罗兰
389.5,210.0,389.5,242.0,539.5,242.0,539.5,210.0,LUOLAN
701.5,217.0,701.5,244.0,767.5,244.0,767.5,217.0,罗兰
192.5,356.0,192.5,391.0,376.5,391.0,376.5,356.0,LUOLAN
726.5,360.0,726.5,395.0,916.5,395.0,916.5,360.0,LUOLAN
373.5,476.0,373.5,497.0,504.5,497.0,504.5,476.0,玫瑰精油皂
914.5,468.0,914.5,489.0,1074.5,489.0,1073.5,467.0,橄榄油精油皂
146.5,632.0,146.5,662.0,212.5,662.0,212.5,632.0,罗兰
392.5,632.0,392.5,663.0,537.5,663.0,537.5,632.0,LUOLAN
696.5,637.0,696.5,663.0,758.5,663.0,758.5,637.0,罗兰
939.5,632.0,939.5,662.0,1083.5,662.0,1083.5,632.0,LUOLAN
366.5,902.0,364.5,922.0,540.5,922.0,540.5,901.0,薰衣草精油皂
927.5,911.0,927.5,891.0,1082.5,891.0,1082.5,911.0,乳木果精油皂
732.5,810.0,732.5,770.0,919.5,770.0,919.5,810.0,LUOLAN
183.5,1196.0,183.5,1002.0,947.5,1002.0,947.5,1196.0,假一赔十
291.5,528.0,291.5,560.0,303.5,560.0,303.5,528.0,###
305.5,526.0,305.5,561.0,316.5,561.0,316.5,526.0,###
319.5,534.0,319.5,557.0,331.5,557.0,331.5,534.0,###
333.5,526.0,333.5,556.0,344.5,556.0,344.5,526.0,###
347.5,532.0,347.5,549.0,357.5,549.0,357.5,532.0,###
361.5,527.0,361.5,536.0,374.5,536.0,374.5,527.0,###
360.5,546.0,360.5,556.0,371.5,556.0,371.5,546.0,###
377.5,527.0,377.5,555.0,388.5,555.0,388.5,527.0,###
391.5,534.0,391.5,552.0,400.5,552.0,400.5,534.0,###
403.5,527.0,403.5,556.0,415.5,556.0,415.5,527.0,###
418.5,534.0,418.5,548.0,428.5,548.0,428.5,534.0,###
432.5,527.0,430.5,554.0,444.5,554.0,444.5,528.0,###
456.5,535.0,456.5,554.0,446.5,554.0,446.5,535.0,###
472.5,529.0,472.5,549.0,459.5,549.0,459.5,529.0,###
487.5,529.0,487.5,555.0,474.5,555.0,474.5,529.0,###
501.5,531.0,501.5,553.0,487.5,553.0,487.5,531.0,###
515.5,528.0,515.5,537.0,504.5,537.0,504.5,528.0,###
512.5,540.0,512.5,554.0,504.5,554.0,504.5,540.0,###
528.5,531.0,528.5,555.0,516.5,555.0,516.5,531.0,###
854.5,520.0,854.5,556.0,841.5,556.0,841.5,520.0,###
869.5,522.0,869.5,558.0,855.5,558.0,855.5,522.0,###
881.5,528.0,881.5,557.0,870.5,557.0,870.5,528.0,###
897.5,519.0,897.5,551.0,883.5,551.0,883.5,519.0,###
911.5,527.0,911.5,545.0,900.5,545.0,900.5,527.0,###
927.5,521.0,927.5,528.0,916.5,528.0,916.5,521.0,###
927.5,542.0,927.5,551.0,916.5,551.0,916.5,542.0,###
944.5,518.0,944.5,550.0,928.5,550.0,928.5,518.0,###
955.5,528.0,955.5,551.0,946.5,551.0,946.5,528.0,###
973.5,520.0,973.5,551.0,959.5,551.0,959.5,520.0,###
987.5,526.0,987.5,548.0,974.5,548.0,974.5,526.0,###
1002.5,518.0,1002.5,535.0,990.5,535.0,990.5,518.0,###
1016.5,527.0,1016.5,547.0,1002.5,547.0,1002.5,527.0,###
1029.5,527.0,1029.5,547.0,1020.5,547.0,1020.5,527.0,###
1049.5,521.0,1049.5,543.0,1032.5,543.0,1032.5,521.0,###
1061.5,523.0,1061.5,549.0,1047.5,549.0,1047.5,523.0,###
1076.5,518.0,1076.5,527.0,1064.5,527.0,1064.5,518.0,###
1075.5,531.0,1075.5,548.0,1063.5,548.0,1063.5,531.0,###
1090.5,518.0,1090.5,549.0,1077.5,549.0,1077.5,518.0,###
303.5,947.0,303.5,971.0,291.5,971.0,291.5,947.0,###
316.5,949.0,316.5,970.0,304.5,970.0,304.5,949.0,###
330.5,955.0,330.5,972.0,318.5,972.0,318.5,955.0,###
344.5,951.0,344.5,973.0,334.5,973.0,334.5,951.0,###
357.5,955.0,357.5,968.0,345.5,968.0,345.5,955.0,###
371.5,949.0,371.5,957.0,362.5,957.0,362.5,949.0,###
369.5,965.0,369.5,972.0,360.5,972.0,360.5,965.0,###
388.5,950.0,388.5,970.0,375.5,970.0,375.5,950.0,###
398.5,955.0,398.5,971.0,388.5,971.0,388.5,955.0,###
414.5,951.0,414.5,971.0,400.5,971.0,400.5,951.0,###
427.5,955.0,427.5,966.0,415.5,966.0,415.5,955.0,###
442.5,950.0,442.5,961.0,429.5,961.0,429.5,950.0,###
453.5,956.0,453.5,969.0,443.5,969.0,443.5,956.0,###
467.5,952.0,467.5,965.0,458.5,965.0,458.5,952.0,###
483.5,949.0,483.5,966.0,468.5,966.0,468.5,949.0,###
498.5,951.0,498.5,965.0,485.5,965.0,485.5,951.0,###
512.5,950.0,512.5,966.0,499.5,966.0,499.5,950.0,###
526.5,950.0,526.5,967.0,513.5,967.0,513.5,950.0,###
847.5,939.0,847.5,974.0,831.5,974.0,834.5,941.0,###
859.5,942.0,859.5,976.0,845.5,976.0,845.5,942.0,###
873.5,950.0,873.5,976.0,860.5,976.0,860.5,950.0,###
888.5,942.0,888.5,967.0,874.5,967.0,874.5,942.0,###
901.5,947.0,901.5,973.0,888.5,973.0,888.5,947.0,###
917.5,942.0,917.5,948.0,902.5,948.0,902.5,942.0,###
930.5,941.0,930.5,973.0,913.5,973.0,913.5,941.0,###
942.5,947.0,942.5,971.0,928.5,971.0,928.5,947.0,###
957.5,943.0,957.5,972.0,941.5,972.0,941.5,943.0,###
968.5,945.0,968.5,966.0,957.5,966.0,957.5,945.0,###
985.5,941.0,985.5,966.0,970.5,966.0,970.5,941.0,###
996.5,948.0,996.5,963.0,985.5,963.0,985.5,948.0,###
1012.5,941.0,1012.5,960.0,997.5,960.0,997.5,941.0,###
1026.5,940.0,1026.5,963.0,1013.5,963.0,1013.5,940.0,###
1038.5,944.0,1038.5,965.0,1025.5,965.0,1025.5,944.0,###
1052.5,940.0,1052.5,947.0,1040.5,947.0,1040.5,940.0,###
1050.5,952.0,1050.5,967.0,1038.5,967.0,1038.5,952.0,###
1065.5,945.0,1065.5,964.0,1052.5,964.0,1052.5,945.0,###
179.5,772.0,179.5,809.0,366.5,809.0,366.5,772.0,LUOLAN
949.5,215.0,949.5,241.0,1095.5,241.0,1095.5,215.0,LUOLAN
