118.08,1.82,122.09,12.41,4.2,58.4,-0.18,39.05,n55@qq.com
142.9,40.15,148.37,54.75,108.59,69.35,103.48,52.2,找书：
218.45,14.23,218.82,32.48,160.42,50.73,154.58,35.77,en55@
64.06,68.25,69.17,82.13,0.91,106.94,0.91,90.16,604682
127.93,96.0,133.04,109.86,19.89,150.38,15.51,136.88,###
206.77,67.16,211.88,83.58,172.1,97.45,166.99,81.39,找书：
190.35,125.92,195.46,140.16,160.05,154.4,153.48,138.34,QQ：
218.09,114.97,218.82,130.31,205.31,134.69,201.3,121.91,###
114.06,151.84,119.54,167.53,0.55,212.43,-0.18,193.45,n55@qq.com
182.68,182.13,186.7,193.45,56.76,243.09,50.55,224.11,en55@qq.com
129.39,248.56,133.41,263.17,20.99,304.05,15.88,289.08,2956604682
207.14,220.09,211.88,234.69,172.46,250.39,166.62,234.69,找书：
194.73,275.57,198.38,291.27,83.4,330.32,79.02,316.45,2956604682
67.34,320.83,73.18,337.26,42.52,348.94,27.19,336.16,QQ：
179.4,336.53,184.14,347.48,173.56,349.31,144.36,349.31,###
39.97,228.85,43.98,244.19,3.83,258.78,0.18,242.72,找书：
2.37,297.47,5.66,308.79,9.31,307.69,6.02,296.01,：
205.68,291.63,205.68,299.67,181.59,299.67,181.59,291.63,HAIK
128.3,292.37,128.3,298.57,139.61,298.57,139.61,292.37,###
147.64,292.37,147.64,299.3,152.75,299.3,152.75,292.37,###
88.15,338.72,88.15,342.74,131.58,342.74,131.58,338.72,###
170.27,224.11,170.27,253.31,57.85,253.31,57.85,224.11,SIX-SIGMA
45.44,195.28,45.44,210.6,69.17,210.6,69.17,195.28,AND
79.02,186.88,79.02,210.24,143.99,210.24,143.99,186.88,DESIGN
176.48,209.88,176.48,195.28,153.85,195.28,153.85,209.88,FOR
195.46,173.74,195.46,146.0,23.18,146.0,23.18,173.74,LEANSIX-SIGMA
196.92,106.58,196.92,129.21,22.45,129.21,22.45,106.58,SIMULATIUN-BASED
2.37,144.17,6.02,155.85,8.94,154.4,5.29,143.81,：
177.94,18.25,177.94,27.74,203.85,27.74,203.85,18.25,WHE
88.51,6.93,88.51,11.31,131.58,11.31,131.58,6.93,###
152.75,307.33,152.75,315.0,205.31,315.0,205.31,307.33,AL·AOMAR
0.18,0.0,0.18,4.38,9.67,4.38,9.67,0.0,###
