205.69,493.66,205.69,524.36,403.4,524.36,403.4,493.66,威韩海外正品店
466.03,89.64,467.25,117.89,560.58,117.89,559.35,89.64,N.M.F
456.2,125.26,456.2,154.73,572.86,154.73,572.86,125.26,###
463.57,165.78,463.57,201.39,570.41,201.39,570.41,165.78,###
480.76,347.52,480.76,373.31,572.86,373.31,572.86,347.52,###
484.45,375.77,484.45,402.78,572.86,402.78,572.86,375.77,###
469.71,417.52,469.71,439.62,590.05,439.62,590.05,417.52,###
502.87,442.08,502.87,464.18,559.35,464.18,559.35,442.08,###
743.55,239.46,747.24,435.94,764.43,433.48,766.89,244.37,N.M.FAQUARING
814.78,656.98,813.55,674.17,904.42,674.17,906.88,658.21,###
736.19,598.04,726.36,583.3,868.81,534.18,870.04,555.06,###
773.03,625.05,770.57,644.7,917.93,602.95,920.39,582.07,###
781.62,647.16,779.17,660.66,889.69,631.19,894.6,615.23,###
583.91,702.42,583.91,752.76,755.83,752.76,755.83,702.42,N.M.F
574.09,757.68,574.09,787.15,769.34,787.15,769.34,757.68,AQUARING
598.65,793.29,598.65,810.48,743.55,810.48,743.55,793.29,AMPOULEMASK
569.18,821.53,569.18,836.27,770.57,836.27,770.57,821.53,###
501.64,853.46,501.64,871.88,844.25,871.88,844.25,853.46,###
504.09,874.34,504.09,885.39,843.02,885.39,843.02,874.34,###
506.55,893.98,506.55,884.16,844.25,884.16,844.25,897.67,###
509.01,911.18,509.01,897.67,845.48,897.67,845.48,911.18,###
505.32,912.4,505.32,925.91,844.25,925.91,844.25,912.4,###
505.32,928.37,505.32,938.19,844.25,938.19,844.25,928.37,###
502.87,938.19,502.87,951.7,843.02,951.7,843.02,938.19,###
507.78,962.75,507.78,951.7,840.57,951.7,840.57,962.75,###
505.32,966.44,505.32,977.49,575.32,977.49,575.32,966.44,###
543.39,997.14,543.39,1015.56,808.64,1015.56,808.64,997.14,###
76.75,1089.24,76.75,1196.07,504.09,1196.07,504.09,1089.24,满十送一
671.1,1090.46,671.1,1194.84,1095.99,1194.84,1095.99,1092.92,三件包邮
