136.9,727.65,136.9,751.65,439.12,751.65,439.12,727.65,专业汽配销售商
41.79,653.87,41.79,703.65,515.57,703.65,515.57,653.87,广东函宇汽配连锁
113.79,628.98,113.79,648.54,147.57,648.54,147.57,628.98,101
154.68,629.87,155.57,648.54,193.79,648.54,193.79,629.87,905
204.45,628.09,204.45,646.76,243.57,646.76,244.45,628.09,600
250.68,628.09,250.68,646.76,269.34,646.76,269.34,628.09,A
280.9,628.09,280.9,645.87,295.12,645.87,295.12,628.98,4
302.23,627.2,302.23,644.98,376.01,644.98,376.01,627.2,St./pcs.
424.9,625.43,424.9,642.32,474.68,642.32,474.68,625.43,NGK
489.79,624.54,489.79,641.43,593.79,641.43,593.79,624.54,PZFR6J-11
113.79,609.43,115.57,620.09,179.57,620.09,180.45,608.54,FormelQ
114.68,589.87,114.68,604.09,277.34,604.09,277.34,589.87,derVolkswagenGruppe
112.9,572.98,112.9,582.76,321.79,582.76,321.79,572.98,demQualit?tssicherungssystem
112.9,552.54,112.9,564.98,327.12,564.98,327.12,552.54,OriginalTeile-Hergestslltnach
110.23,520.54,110.23,538.32,237.34,538.32,237.34,520.54,###
247.12,524.09,247.12,537.43,321.79,537.43,321.79,524.09,###
423.12,605.87,423.12,614.76,539.57,614.76,539.57,605.87,Group.FormelQ
425.79,586.32,425.79,596.98,646.23,596.98,646.23,586.32,AssuranceSystemofVolksvagen
420.45,570.32,420.45,578.32,611.57,578.32,611.57,570.32,accordancewiththeQuality
422.23,551.65,422.23,559.65,643.57,559.65,643.57,551.65,GenuineParts- Manufa
422.23,520.54,422.23,531.2,606.23,531.2,606.23,520.54,###
581.59,372.42,581.59,651.53,650.92,651.53,650.92,372.42,金牌卖家
669.59,381.31,669.59,651.53,738.92,651.53,738.92,381.31,正品保证
639.36,236.42,639.36,288.86,690.92,288.86,690.92,236.42,金
236.7,325.31,236.7,452.42,255.36,452.42,255.36,325.31,RicambiOrig
386.03,415.97,386.03,431.08,410.03,431.0,411.81,415.97,101
416.25,416.86,416.25,430.19,446.47,430.19,446.47,416.86,905
454.47,417.75,454.47,430.19,485.59,430.19,487.36,416.78,600
490.03,417.75,490.03,431.08,504.25,431.08,504.25,417.75,A
346.03,157.31,328.25,286.19,349.59,287.97,365.59,159.08,###
280.25,46.52,279.36,102.52,792.25,102.52,791.36,46.52,大众奥迪亚原厂火花塞
