213.77,25.67,213.03,35.93,164.63,42.53,165.37,31.53,###
220.37,25.67,220.37,35.93,232.1,35.93,232.1,25.67,###
237.97,27.13,238.7,37.4,278.3,43.27,279.77,30.8,###
210.83,52.8,210.83,68.2,233.57,68.2,233.57,52.8,DB
235.77,55.0,236.5,68.93,257.77,77.0,258.5,59.4,ER
259.97,65.27,259.97,91.67,271.7,91.67,271.7,65.27,G
171.23,66.0,171.23,90.93,182.97,90.93,182.97,66.0,L
182.97,62.33,184.43,77.73,207.17,68.2,207.9,54.27,UN
185.9,99.0,185.17,104.13,202.03,111.47,202.77,104.13,###
205.7,105.6,206.43,112.2,226.97,113.67,226.23,107.07,###
245.3,101.93,244.57,109.27,229.17,113.67,229.17,106.33,###
259.97,94.6,259.97,103.4,248.23,107.8,249.7,100.47,###
329.32,58.22,329.32,68.37,352.34,68.37,352.34,58.22,USDA
328.65,69.05,327.97,78.52,355.72,79.88,355.05,72.43,###
114.74,125.23,114.06,135.38,322.55,137.42,322.55,125.23,AGerminated,Aromatie,MediunCnamRedBice
106.62,199.02,104.58,135.38,331.35,135.38,331.35,199.02,SPROUTED
186.49,237.6,186.49,199.02,251.48,199.02,251.48,237.6,RED
183.78,264.68,181.75,248.43,258.92,248.43,257.57,264.68,RICE
96.46,292.43,96.46,300.55,114.74,300.55,114.74,292.43,###
95.78,303.26,95.78,310.71,118.8,310.71,118.8,303.26,###
121.51,312.74,121.51,322.22,95.11,322.22,95.11,312.74,###
95.11,332.37,95.11,324.25,120.15,324.25,120.15,332.37,###
321.88,288.37,321.88,297.17,349.63,297.17,349.63,288.37,###
325.94,300.55,325.94,325.6,346.92,325.6,346.92,300.55,30
325.94,328.31,325.94,337.11,350.98,337.11,350.98,328.31,###
327.29,363.51,327.29,358.09,354.37,358.09,353.02,364.18,###
331.35,371.63,331.35,364.18,350.98,364.18,350.98,371.63,###
96.46,389.91,96.46,383.82,114.06,383.82,114.06,389.91,###
173.63,429.17,173.63,413.6,270.43,413.6,270.43,429.17,NETWT160Z(ILB)454g
329.32,403.45,329.32,399.38,346.25,399.38,346.25,403.45,###
330.0,408.86,330.0,403.45,344.89,403.45,344.89,408.86,###
575.05,103.57,576.4,76.49,640.71,68.37,639.35,95.45,COSTCO
593.32,115.08,593.32,104.92,640.71,98.15,639.35,110.34,WHOLESALE
612.28,199.69,612.28,172.62,867.48,172.62,864.09,199.69,美国采购正品保证
550.0,277.54,550.0,213.23,834.31,213.23,834.31,277.54,支持验货
575.05,304.62,577.08,293.11,606.86,293.11,606.86,305.97,北美全球
586.55,327.63,586.55,316.12,617.69,316.12,617.69,327.63,代购中心
588.58,346.58,588.58,341.85,611.6,341.85,611.6,346.58,###
