44.96,136.72,44.96,602.28,143.49,602.28,143.49,136.72,两只减十元
442.78,495.13,442.78,507.45,503.44,506.83,505.6,495.13,inthebusy
440.32,512.37,440.32,525.92,510.53,525.92,510.53,512.37,age.lifeasif
432.93,528.38,432.93,538.24,516.68,538.24,516.68,528.38,lasetherhythm
451.41,604.75,451.41,615.83,466.19,615.83,466.19,604.75,###
224.78,705.75,224.78,713.13,311.0,713.13,311.0,705.75,###
315.92,171.2,315.92,301.76,330.7,301.76,330.7,171.2,Themostpertect
299.91,145.34,299.91,301.76,315.92,301.76,315.92,145.34,Inthebeautifulhalliti
296.22,319.0,296.22,333.78,368.88,333.78,368.88,319.0,Professional
307.3,337.48,307.3,348.56,359.03,348.56,359.03,337.48,Skincare
351.64,367.04,351.64,418.77,366.42,418.77,366.42,367.04,Notice：
338.09,365.81,338.09,555.48,349.18,555.48,349.18,365.81,###
323.31,364.57,323.31,488.97,333.17,488.97,333.17,364.57,###
182.9,311.61,182.9,333.78,285.13,333.78,285.13,311.61,BEALITY
182.9,338.71,182.9,354.72,250.64,354.72,250.64,338.71,PALACE
249.21,376.89,249.21,469.68,609.67,469.68,609.67,376.89,SPF25倍
246.74,547.68,246.74,635.54,609.67,635.54,609.67,547.68,SPF30倍
