19.38,8.75,19.38,72.5,116.88,72.5,116.88,8.75,浪莎
26.88,83.75,26.88,97.5,111.88,97.5,111.88,83.75,Langsha
119.38,33.75,119.38,47.5,129.38,47.5,129.38,33.75,R
150.63,1.25,150.63,103.75,749.38,103.75,749.38,1.25,全国5双双包邮多一双减3毛
335.63,306.25,335.63,322.5,389.38,322.5,389.38,306.25,商务男袜
80.63,298.75,81.88,312.5,131.88,320.0,134.38,306.25,商务男袜
126.88,281.25,119.38,290.0,136.88,303.75,144.38,298.75,###
375.63,283.75,370.63,291.25,393.13,308.75,399.38,302.5,###
621.88,325.0,616.88,332.5,636.88,346.25,641.88,341.25,###
355.63,536.25,354.38,543.75,371.88,560.0,378.13,551.25,###
121.88,550.0,119.38,558.75,140.63,572.5,145.63,562.5,###
85.63,573.75,85.63,588.75,136.88,588.75,136.88,573.75,商务男袜
315.63,553.75,310.63,567.5,364.38,575.0,369.38,560.0,商务男袜
665.63,417.5,665.63,607.5,714.38,607.5,714.38,417.5,正品男袜
423.13,632.5,423.13,733.75,679.38,733.75,679.38,632.5,全网最低
0.63,650.0,0.63,748.75,344.38,748.75,345.63,643.75,10双以上9折
634.38,347.5,634.38,366.25,583.13,366.25,583.13,347.5,商务男袜
300.63,323.75,295.63,420.0,691.88,431.25,695.63,336.25,冰凌低价包邮店
