256.44,225.96,256.44,229.4,295.02,229.4,295.02,225.96,###
255.41,222.17,255.41,225.27,293.98,225.27,293.98,222.17,###
265.05,210.46,265.05,215.28,282.62,215.28,282.62,210.46,###
266.43,187.38,266.43,204.6,279.52,204.6,279.52,187.38,S
181.01,226.99,181.01,230.43,197.54,230.43,197.54,226.99,###
180.66,201.84,180.66,205.98,196.85,205.98,196.85,201.84,###
158.27,202.19,158.27,205.63,177.22,205.63,177.22,202.19,###
160.68,226.3,160.68,230.43,175.84,230.43,175.84,226.3,###
139.67,226.64,139.67,231.12,153.11,231.12,153.11,226.64,###
137.95,202.19,137.95,206.67,154.83,206.67,154.83,202.19,###
45.64,224.23,45.64,230.78,122.11,230.78,122.11,224.23,使用前请仔细阅读说明书
33.24,201.84,33.24,208.73,47.71,208.73,47.71,201.84,12v
51.49,202.19,51.49,208.04,69.75,208.04,69.75,202.19,55Ah
71.13,200.47,71.13,209.08,111.08,209.08,111.08,200.47,430A[SAE)
39.44,188.76,39.44,199.09,64.24,199.09,64.24,188.76,555
68.03,188.76,68.03,199.09,101.78,199.09,101.78,188.76,30MF
159.31,172.57,157.58,177.04,263.33,177.04,263.33,170.84,###
163.72,150.74,161.72,166.02,273.32,166.02,273.32,149.83,风帆蓄电池
72.85,151.9,72.85,167.74,129.68,167.74,129.68,151.9,saiL
102.47,122.97,102.47,148.11,205.46,148.11,205.46,122.97,博远汽配
204.77,117.11,204.77,120.9,215.79,120.9,215.79,117.11,###
185.83,104.37,186.19,106.95,215.79,108.16,214.09,105.4,###
239.67,70.91,239.67,77.5,276.09,77.5,276.09,70.91,###
216.03,201.5,216.03,204.21,227.27,204.21,227.27,201.5,###
56.38,16.66,56.38,37.2,252.46,37.2,252.46,16.66,实体店支持安装服务
