15.64,97.45,15.64,63.27,238.18,63.27,238.18,97.45,ONTTNO傲徒
339.27,370.91,339.27,340.36,411.27,340.36,411.27,370.91,GRACEFUL
360.36,379.64,360.36,372.36,390.91,372.36,390.91,379.64,###
17.82,778.18,17.82,722.91,246.18,722.91,246.18,778.18,专柜正品
287.64,781.82,287.64,724.36,527.64,724.36,527.64,781.82,全场包邮
559.64,778.18,559.64,722.18,790.18,722.18,790.18,778.18,清仓特价
129.09,625.45,129.09,616.73,217.82,616.73,217.82,625.45,###
172.73,607.27,172.73,576.73,223.64,576.73,223.64,607.27,407
124.0,605.09,124.0,576.0,158.18,576.0,158.18,605.09,###
430.8,153.6,435.6,132.8,538.0,132.8,538.0,156.8,METER
