88.13,155.0,94.38,172.5,45.63,206.25,38.13,193.75,YOUNG
110.63,155.0,116.88,167.5,34.38,230.0,25.63,218.75,###
60.63,228.75,56.88,218.75,103.13,182.5,108.13,190.0,###
109.38,245.0,108.13,285.0,324.38,305.0,323.13,265.0,SUPERAQUA
195.63,213.75,198.13,235.0,281.88,242.5,281.88,221.25,MEIKELAI
514.33,256.15,513.13,273.75,596.88,276.25,596.88,258.75,MEIKELAI
451.88,282.5,449.13,318.46,660.63,326.25,659.38,287.5,SUPERAQUA
475.63,517.5,474.38,533.75,633.13,546.25,635.63,528.75,美可莱‘水百分特润补水蚕丝面膜
106.88,525.0,106.88,540.0,323.13,528.75,321.88,513.75,Water100Hydrating8Moisturizing
184.38,537.5,184.38,553.75,255.63,548.75,255.63,536.25,SILKMASK
140.63,500.0,140.63,518.75,296.88,510.0,295.63,497.5,美可莱‘水百分特润补水蚕丝面膜
263.13,563.75,265.63,578.75,174.38,585.0,175.63,570.0,e25g/0.8fl.azX6pcs
443.13,536.25,444.38,553.75,666.88,568.75,666.06,553.85,Water100Hydrating8Moisturizing
515.63,561.25,519.38,576.25,590.63,582.5,589.38,567.5,SILKMASK
508.13,593.75,508.13,610.0,599.38,615.0,600.29,602.88,e25g/0.8fl.az/1pcs
15.63,688.75,15.63,738.75,248.13,738.75,248.13,688.75,买2盒送1盒
276.88,690.0,276.88,737.5,510.63,737.5,510.63,690.0,买5盒送3盒
539.38,687.5,539.38,738.75,725.63,738.75,725.63,687.5,多买多送
110.63,591.25,110.63,643.75,186.88,642.5,190.63,591.25,淘宝店：
203.13,590.0,203.13,646.25,294.38,646.25,294.38,590.0,名妆城88
308.13,598.75,308.13,645.0,400.63,645.0,400.63,598.75,实物拍照
410.63,593.75,410.63,641.25,503.13,641.25,503.13,593.75,盗图必究
23.13,15.0,23.13,57.5,114.38,57.5,114.38,15.0,美可莱
125.63,8.75,125.63,25.0,145.63,25.0,145.63,8.75,R
4.38,68.75,4.38,105.0,129.38,105.0,129.38,68.75,MEIKELAI
