27.42,24.5,27.42,109.67,674.92,109.67,674.92,24.5,打造肌肤晶莹细腻
107.92,136.5,107.92,173.83,601.42,173.83,601.42,136.5,美白淡斑·控油保湿·深度滋养
67.08,213.5,67.08,274.17,126.58,274.17,126.58,213.5,第
65.92,306.83,65.92,355.83,128.92,355.83,128.92,306.83,二
65.92,386.17,65.92,448.0,127.75,448.0,127.75,386.17,瓶
68.25,471.33,68.25,530.83,127.75,530.83,127.75,471.33,半
68.25,556.5,68.25,618.33,127.75,618.33,127.75,556.5,价
466.08,406.0,466.08,434.0,565.25,434.0,565.25,406.0,宠肤丝滑
418.25,380.33,418.25,432.83,463.75,432.83,463.75,380.33,苓
371.58,404.83,371.58,463.17,429.92,463.17,429.92,404.83,茯
443.92,438.67,443.92,462.0,557.08,462.0,557.08,438.67,亮肤调养膜
380.92,470.17,380.92,481.83,420.58,481.83,420.58,470.17,Poria
529.08,469.0,529.08,479.5,426.42,479.5,426.42,469.0,CocosSmooth
565.25,467.83,565.25,479.5,531.42,479.5,531.42,467.83,And
537.25,481.83,537.25,492.33,496.42,492.33,496.42,481.83,Mask
494.08,483.0,494.08,493.5,459.08,493.5,459.08,483.0,Skin
456.75,483.0,456.75,492.33,408.92,492.33,408.92,483.0,Bright
511.58,499.33,511.58,511.0,435.75,511.0,435.75,499.33,睡眠免洗型
513.92,515.67,513.92,527.33,434.58,527.33,434.58,515.67,净含量：130g
137.08,217.0,137.08,407.17,189.58,407.17,189.58,217.0,孕妇可用
138.25,424.67,138.25,618.33,187.25,618.33,187.25,424.67,过敏包退
