37.67,724.19,37.67,785.29,279.13,785.29,279.13,724.19,免费设计
315.49,724.92,315.49,788.92,789.67,788.92,789.67,724.92,来图定制创意DIY
548.94,549.65,548.94,572.19,624.58,572.19,624.58,549.65,冏一二
300.22,532.19,300.22,556.19,375.13,556.19,375.13,532.19,冏一一
47.13,544.56,47.13,570.01,98.04,570.01,98.04,544.56,冏十
38.4,380.11,38.4,404.11,89.31,404.11,89.31,380.11,冏七
300.22,352.48,300.22,380.11,351.85,380.11,351.85,352.48,冏八
553.31,366.94,553.31,392.4,604.22,392.4,604.22,366.94,冏九
46.4,205.33,46.4,230.05,95.85,230.05,95.85,205.33,冏四
306.76,187.87,306.76,212.6,357.67,212.6,357.67,187.87,冏五
565.67,195.14,565.67,221.33,617.31,221.33,617.31,195.14,冏六
571.49,24.64,571.49,47.91,622.4,47.91,622.4,24.64,冏三
295.13,42.09,295.13,66.82,347.49,66.82,347.49,42.09,冏二
25.31,24.64,25.31,78.46,241.31,78.46,241.31,24.64,爱尚心星
58.76,355.71,53.67,397.16,224.58,420.44,226.04,381.16,爱尚心星
373.67,195.71,367.85,234.98,543.85,261.89,546.76,221.89,爱尚心星
658.04,149.16,653.67,192.07,786.04,207.35,786.76,168.8,爱尚心
546.76,515.95,542.4,551.59,716.94,575.59,715.49,537.77,爱尚心星
