502.13,731.25,502.13,742.5,538.13,742.5,538.13,731.25,e45ml
541.88,729.75,541.88,744.0,595.88,744.0,595.88,729.75,1.7FL.OZ
541.88,633.75,541.88,647.25,598.13,647.25,598.13,633.75,1.7FL.OZ
500.63,636.75,500.63,645.75,538.13,645.75,538.13,636.75,e45ml
169.13,637.5,169.13,646.5,203.63,646.5,203.63,637.5,e45ml
208.13,636.0,208.13,647.25,263.63,647.25,263.63,636.0,1.7FL.OZ
168.38,738.0,168.38,746.25,205.13,746.25,205.13,738.0,e45ml
209.63,735.75,209.63,748.5,262.13,748.5,262.13,735.75,1.7FL.OZ
185.63,576.0,185.63,600.0,196.88,600.0,196.88,576.0,香水
187.13,461.25,187.13,573.0,241.13,573.0,241.13,461.25,古龍
174.38,426.75,174.38,440.25,251.63,440.25,251.63,426.75,QIUXIA
231.38,381.75,231.38,391.5,239.63,390.75,240.38,381.75,R
186.38,384.75,186.38,415.5,232.88,415.5,232.88,384.75,###
571.13,381.75,571.13,391.5,580.13,391.5,578.63,382.5,R
525.38,385.5,525.38,415.5,573.38,415.5,573.38,385.5,###
511.88,426.75,511.88,440.25,587.63,440.25,587.63,426.75,QIUXIA
520.88,462.0,520.88,570.75,577.13,570.75,577.13,462.0,古龍
517.88,575.25,517.88,600.75,531.38,600.75,531.38,575.25,香水
3.38,507.0,13.13,536.25,187.13,471.75,181.13,441.75,化香水批发店
234.38,420.0,243.38,449.25,509.63,354.0,502.13,327.0,佳欣日化香水批发店
563.63,300.0,571.88,330.0,748.88,264.0,748.88,238.5,佳欣日化香水
516.38,644.25,516.38,643.5,517.13,643.5,517.13,644.25,###
513.38,54.0,513.38,102.0,721.13,102.0,721.13,54.0,正品批发
-0.38,50.25,-0.38,98.25,103.13,98.25,103.13,50.25,秋霞
133.88,51.75,133.88,99.0,343.88,99.0,343.88,51.75,花香香水
