38.84,31.43,38.84,63.45,133.13,63.45,133.13,31.43,Abtei
154.48,24.91,154.48,72.94,423.7,72.94,423.7,24.91,长时效维生素
432.0,35.58,432.0,62.86,512.06,62.86,512.06,35.58,C500
41.81,82.43,41.81,122.16,157.44,122.16,157.44,82.43,(42片)
159.9,172.82,122.2,213.06,257.32,218.99,264.18,172.56,Abtei
40.62,273.37,42.57,290.57,166.93,294.13,166.93,273.37,Langzeit-
281.38,274.56,281.38,298.87,364.99,298.87,364.99,274.56,DEPOT
280.79,314.88,280.79,354.61,360.84,354.61,360.84,314.88,500
239.28,312.51,239.28,353.43,265.96,353.43,265.96,312.51,C
47.14,321.41,58.24,349.02,225.04,352.83,225.04,321.41,Vitamin
48.33,382.48,48.33,395.53,164.56,395.53,164.56,382.48,Abwehrkraft
51.89,409.76,51.89,425.77,89.25,425.77,89.25,409.76,Plus
94.58,410.95,94.58,427.55,134.91,427.55,134.91,410.95,Zink
141.43,411.54,141.43,427.55,205.47,427.55,205.47,411.54,+Selen
213.78,414.51,214.12,426.96,301.54,429.33,301.37,417.22,+Vitamin
310.69,413.41,308.15,429.5,330.17,432.47,331.87,415.1,D?
101.7,621.46,101.7,677.21,491.3,677.21,491.3,621.46,好美宝宝母婴店
70.86,614.35,70.86,626.8,159.22,626.8,159.22,614.35,42Tabletten
271.72,600.2,267.91,603.59,289.09,619.69,292.05,613.75,ARTEI
296.29,613.75,299.68,619.69,327.21,606.55,322.55,601.9,OUAEIT
317.04,617.14,317.04,616.72,317.04,616.72,317.04,617.14,###
325.09,591.73,322.97,601.47,328.06,603.17,331.02,593.42,###
249.7,584.95,250.54,601.05,342.88,585.38,342.46,577.75,###
274.69,560.38,262.4,580.29,270.45,582.41,281.46,565.04,LERKT
305.61,562.5,280.62,564.2,279.77,559.54,303.91,554.46,IFIZI
307.3,561.23,322.55,573.52,330.6,569.28,309.42,555.3,ERTE
236.56,537.94,234.45,545.56,351.78,546.41,353.05,539.21,f?rstarkeAbwehrkr?fte
238.26,523.53,235.72,532.85,317.89,532.85,317.89,526.08,Nur1xt?glich-
248.42,498.97,247.58,507.44,362.37,508.71,362.37,498.97,8mgCranberry-Extcakt
249.27,485.41,249.27,497.27,328.06,497.27,328.06,485.41,5ugVitaminD?
244.61,472.28,244.61,482.02,300.95,482.02,300.95,472.28,55ugSelen
245.04,459.15,245.04,468.05,299.68,468.05,299.68,459.15,10mgZink
236.14,444.33,236.14,455.76,342.03,455.76,342.03,444.33,500mgVitaminC
90.01,537.09,83.23,543.44,102.72,559.11,109.49,551.07,DEP
110.34,553.61,108.65,560.81,123.89,566.74,126.86,557.42,OT
145.92,557.0,145.92,568.86,167.95,562.08,166.68,552.34,EFF
166.68,551.49,173.03,560.81,191.24,543.87,184.47,537.09,EKT
77.73,468.05,87.89,473.98,112.03,455.34,103.99,446.44,VITA
112.03,445.6,115.42,455.76,140.41,451.95,140.41,440.94,LKE
144.65,443.48,143.8,453.65,161.59,457.88,164.13,448.56,###
169.22,450.68,169.22,457.46,174.72,457.46,174.72,450.68,###
