165.28,390.06,165.28,408.58,269.69,408.58,269.69,390.06,支持验货
164.5,360.12,164.5,383.36,269.3,383.36,269.3,360.12,三标齐全
70.33,329.78,70.33,354.21,229.11,354.21,229.11,329.78,专柜正品代购
114.06,303.38,114.06,321.9,144.4,321.9,144.4,303.38,ID:
151.1,301.41,151.1,324.66,281.91,324.66,281.91,301.41,天天看到你
287.42,304.17,287.42,320.72,323.67,320.72,323.67,304.17,158
164.89,271.86,164.89,295.5,268.91,295.5,268.91,271.86,支持验货
164.1,241.92,164.1,263.98,268.91,263.98,268.91,241.92,三标齐全
70.72,211.58,70.72,234.82,228.32,234.82,228.32,211.58,专柜正品代购
113.67,184.39,113.67,204.09,145.19,204.09,145.19,184.39,ID:
150.71,182.42,150.71,205.67,283.48,205.67,283.48,182.42,天天看到你
285.85,184.79,285.85,202.52,324.06,202.52,324.06,184.79,158
164.1,153.27,164.1,176.51,269.3,176.51,269.3,153.27,支持验货
164.5,122.14,164.5,146.57,267.72,146.57,267.72,122.14,三标齐全
70.72,93.77,70.72,117.02,229.51,117.02,229.51,93.77,专柜正品代购
113.67,65.8,113.67,85.5,144.4,85.5,144.4,65.8,ID:
150.71,63.43,150.71,87.47,282.3,87.47,282.3,63.43,天天看到你
286.63,66.59,286.63,84.32,324.06,84.32,324.06,66.59,158
164.5,33.1,164.5,58.71,268.12,58.71,268.12,33.1,支持验货
162.92,7.88,162.92,27.19,268.91,27.19,268.91,7.88,三标齐全
