10.59,12.92,10.59,32.55,134.59,32.55,134.59,12.92,新西南母婴网
155.78,19.63,155.78,28.42,302.51,28.42,302.51,19.63,xxlmyw.taobao.com
125.81,137.95,125.81,148.28,184.71,148.28,184.71,137.95,THOMPSONS°
124.26,162.75,124.26,172.05,191.43,172.05,191.43,162.75,Women'sMUlt
138.73,177.22,138.73,183.93,191.94,183.93,191.94,177.22,Advantage
132.01,187.55,132.01,191.17,191.94,191.17,191.94,187.55,###
147.51,192.72,147.51,195.82,192.98,195.82,192.98,192.72,###
192.46,202.53,192.98,207.18,166.63,209.25,166.63,204.08,###
182.13,208.73,182.13,212.87,192.98,211.32,192.46,207.7,###
118.91,217.44,119.09,223.2,140.16,223.64,138.84,218.77,###
5.94,284.17,5.94,304.32,67.54,303.36,67.54,283.43,100%
220.36,277.45,220.36,283.13,247.23,283.13,247.23,277.45,###
252.39,278.48,252.39,290.37,301.48,290.37,301.48,278.48,正品保障
252.39,292.95,252.39,304.32,300.44,304.32,300.44,292.95,支持自提
141.49,218.77,141.49,224.09,160.54,224.09,160.54,218.77,###
162.31,219.21,162.31,223.2,189.32,223.2,189.76,217.44,###
70.19,286.09,70.19,304.69,198.62,304.69,198.62,286.09,新西南原装进口
