73.8,346.8,76.2,367.2,385.8,314.4,381.0,295.2,baobaoparis.taobao.com
351.0,211.2,367.8,237.6,383.4,224.4,364.2,199.2,淘宝
371.4,250.8,480.6,381.6,504.6,357.6,396.6,226.8,巴黎香水包包
490.2,585.6,597.0,291.6,619.8,295.2,508.2,590.4,baobaoparis.taobao.com
351.0,649.2,352.2,668.4,383.4,660.0,382.2,643.2,淘宝
390.6,632.4,396.6,664.8,564.6,636.0,562.2,606.0,巴黎香水包包
184.2,411.6,126.6,574.8,151.8,585.6,210.6,422.4,巴黎香水包包
201.0,536.4,181.8,550.8,385.8,796.8,402.6,781.2,baobaoparis.taobao.com
225.0,465.6,226.2,493.2,276.6,494.4,276.6,463.2,法国
318.6,465.6,318.6,490.8,498.6,490.8,498.6,465.6,奢侈品专业代购
114.6,618.0,127.8,627.6,145.8,595.2,125.4,589.2,淘宝
6.6,930.0,6.6,952.8,63.0,952.8,63.0,930.0,5.23
