8.36,418.18,8.36,431.27,58.55,431.27,58.55,418.18,南慕设计
14.91,432.0,14.91,436.36,52.73,436.36,52.73,432.0,###
316.0,418.18,316.0,432.0,327.64,432.0,327.64,418.18,计
342.91,417.45,342.91,430.55,354.55,430.55,354.55,417.45,南
350.18,432.0,350.18,436.36,365.45,436.36,365.45,432.0,###
411.27,418.91,411.27,431.27,460.73,431.27,460.73,418.91,南慕设计
417.82,432.0,417.82,436.36,452.0,436.36,452.0,432.0,###
478.18,418.91,478.18,432.0,528.36,432.0,528.36,418.91,南慕设计
544.36,418.91,544.36,432.73,596.0,432.73,596.0,418.91,南慕设计
611.27,419.64,611.27,431.27,663.64,431.27,663.64,419.64,南慕设计
620.0,432.0,620.0,437.82,651.27,437.82,651.27,432.0,###
678.91,418.91,678.91,429.82,730.55,429.82,730.55,418.91,南慕设计
688.36,432.0,688.36,436.36,722.55,436.36,722.55,432.0,###
753.82,431.27,753.82,437.82,790.18,437.82,790.18,431.27,###
484.0,480.73,484.0,488.0,505.82,489.45,505.09,482.91,UECOO
205.45,691.64,205.45,712.0,292.73,712.0,292.73,691.64,UECOO
497.82,356.36,497.82,362.18,510.18,362.18,510.18,356.36,###
512.36,352.73,512.36,360.73,521.82,360.73,521.82,352.73,P7
460.73,239.27,460.73,277.82,743.64,277.82,743.64,239.27,拉丝纹品品质出众
449.09,157.09,449.09,216.73,757.45,216.73,757.45,157.09,免翻盖接听
417.82,20.36,417.82,106.91,772.0,106.91,772.0,20.36,智能皮套
20.73,32.73,20.73,93.82,329.82,93.82,329.82,32.73,UECOO
340.0,269.82,340.0,278.55,345.82,278.55,345.82,269.82,E
268.73,289.45,268.73,303.27,362.55,303.27,362.55,289.45,###
283.27,317.09,283.27,331.64,309.45,331.64,309.45,317.09,上海
324.0,318.55,324.0,331.64,351.64,331.64,351.64,318.55,联通
562.55,181.82,562.55,181.82,561.82,181.82,561.82,181.82,###
796.0,418.91,796.0,430.55,745.82,430.55,745.82,418.91,南慕设计
353.33,42.67,354.22,20.44,332.0,19.56,332.89,42.67,?
