686.0,92.0,686.0,116.0,723.33,116.0,723.33,92.0,淘
635.33,194.67,635.33,217.33,776.67,217.33,776.67,194.67,淘宝手机扫描
635.33,221.33,635.33,246.67,792.67,246.67,792.67,221.33,专柜正品二维码
542.0,701.33,542.0,724.0,772.67,724.0,772.67,701.33,认准专柜网址和店铺名
552.67,733.33,552.67,769.33,758.0,769.33,758.0,733.33,谨防假图假货
26.0,708.0,26.0,726.67,530.0,726.67,530.0,708.0,专柜网址：xianganggitzhengpin88888.taobao.com
24.67,741.33,24.67,766.67,438.0,766.67,438.0,741.33,认准店铺名【香港高端IT名品代购】
20.67,408.0,20.67,430.67,300.67,430.67,300.67,408.0,店铺名【香港高端IT名品代购】
767.33,518.67,779.33,536.0,548.67,692.0,539.33,672.0,店铺名【香港高端IT名品代购】
215.33,10.67,232.67,28.0,31.33,218.67,14.0,205.33,店铺名【香港高端IT名品代购】
