189.5,116.0,189.5,60.0,287.5,60.0,287.5,116.0,爱度
296.5,71.0,296.5,61.0,304.5,61.0,304.5,71.0,R
217.5,135.0,217.5,123.0,264.5,123.0,264.5,135.0,亚麻籽油
204.5,148.0,204.5,136.0,275.5,136.0,275.5,148.0,FLAXSEEDOIL
8.5,277.0,8.5,215.0,417.5,215.0,417.5,277.0,一级冷榨纯天然
15.5,343.0,15.5,301.0,418.5,301.0,418.5,343.0,已申请国家专利“六度提纯”
51.5,410.0,51.5,376.0,177.5,376.0,177.5,410.0,非转基因
246.5,414.0,246.5,372.0,374.5,372.0,374.5,414.0,物理冷榨
53.5,471.0,53.5,427.0,178.5,427.0,178.5,471.0,无添加剂
246.5,471.0,246.5,430.0,372.5,430.0,372.5,471.0,口感纯正
102.5,545.0,104.5,561.0,164.5,534.0,160.5,511.0,?PACK
211.5,534.0,211.5,515.0,165.5,515.0,165.5,534.0,AGE
259.5,568.0,267.5,549.0,214.5,520.0,215.5,537.0,MAIL
139.5,620.0,139.5,575.0,230.5,575.0,230.5,620.0,包邮
118.5,670.0,118.5,637.0,258.5,637.0,258.5,670.0,上市企业
214.5,716.0,225.5,735.0,278.5,697.0,271.5,675.0,HAIR?
150.5,722.0,120.5,694.0,102.5,699.0,141.5,738.0,?STR
149.5,739.0,150.5,721.0,213.5,719.0,213.5,742.0,AIGHT
459.5,664.0,459.5,631.0,473.5,631.0,473.5,664.0,S
458.5,684.0,458.5,673.0,475.5,673.0,475.5,684.0,###
456.5,693.0,456.5,685.0,477.5,685.0,477.5,693.0,###
663.5,683.0,663.5,661.0,756.5,661.0,754.5,678.0,净含量：1L
570.5,651.0,570.5,628.0,743.5,620.0,742.5,644.0,FLAXSEEDOIL
564.5,383.0,564.5,351.0,671.5,351.0,671.5,383.0,亚麻籽油
682.5,380.0,682.5,363.0,739.5,363.0,739.5,380.0,（非转基因）
553.5,304.0,553.5,267.0,610.5,267.0,610.5,304.0,爱度
616.5,258.0,616.5,269.0,609.5,269.0,609.5,258.0,R
570.5,313.0,570.5,304.0,597.5,304.0,597.5,313.0,###
565.5,321.0,565.5,314.0,602.5,314.0,602.5,321.0,###
459.5,294.0,459.5,288.0,480.5,288.0,480.5,294.0,###
457.5,304.0,457.5,298.0,480.5,298.0,480.5,304.0,###
460.5,268.0,460.5,260.0,478.5,260.0,478.5,273.0,###
