724.73,633.45,724.73,690.91,72.36,690.91,72.36,633.45,可拆卸帽檐方便佩戴头盔
369.09,701.82,369.09,741.82,128.36,741.82,128.36,701.82,下拉式双帽檐
671.64,702.55,671.64,741.82,391.64,741.82,391.64,702.55,拉下来就是面罩
582.18,753.45,582.18,759.27,604.0,759.27,604.0,753.45,mas
225.82,744.73,225.82,751.27,160.36,751.27,160.36,744.73,brop·down
232.36,744.73,232.36,751.27,273.09,751.27,273.09,744.73,double
278.18,745.45,278.18,750.55,305.09,750.55,305.09,745.45,brim
341.45,744.73,341.45,750.55,311.64,750.55,311.64,744.73,Down
357.45,744.73,357.45,751.27,347.27,751.27,347.27,744.73,is
381.45,745.45,381.45,750.55,364.0,750.55,364.0,745.45,the
484.73,761.45,484.73,766.55,454.91,766.55,454.91,761.45,mask
450.55,761.45,450.55,767.27,430.91,767.27,430.91,761.45,the
425.82,761.45,425.82,767.27,414.18,767.27,414.18,761.45,is
408.36,760.73,408.36,767.27,364.73,767.27,364.73,760.73,doubwn
358.18,761.45,358.18,767.27,315.27,767.27,315.27,761.45,p·down
505.09,752.73,505.09,759.27,510.91,759.27,510.91,752.73,D
497.09,752.73,497.09,759.27,471.64,759.27,471.64,752.73,birm
465.09,753.45,465.09,759.27,425.09,759.27,425.09,753.45,double
418.55,752.73,418.55,759.27,347.27,759.27,347.27,752.73,maskp·down
340.0,753.45,340.0,758.55,322.55,758.55,322.55,753.45,the
316.0,753.45,316.0,759.27,305.09,759.27,305.09,753.45,is
300.0,753.45,300.0,759.27,268.73,759.27,268.73,753.45,Down
262.91,752.73,262.91,758.55,256.36,758.55,256.36,752.73,b
250.55,753.45,250.55,758.55,209.09,758.55,209.09,753.45,double
203.27,753.45,203.27,758.55,188.73,758.55,188.73,753.45,wn
638.18,745.45,638.18,750.55,609.09,750.55,609.09,745.45,mask
604.0,744.73,604.0,750.55,585.09,750.55,585.09,744.73,the
580.0,744.73,580.0,749.82,569.82,749.82,569.82,744.73,is
562.55,745.45,562.55,750.55,533.45,750.55,533.45,745.45,Down
526.18,744.73,526.18,751.27,499.27,751.27,499.27,744.73,brim
493.45,745.45,493.45,750.55,453.45,750.55,453.45,745.45,double
447.64,745.45,447.64,752.0,387.27,752.0,387.27,745.45,maskdown
793.09,751.27,793.09,789.09,513.09,789.09,513.09,751.27,我的名字叫阿城
