31.56,745.78,31.56,791.11,201.33,791.11,201.33,745.78,限时特价
206.67,747.56,206.67,784.0,231.56,784.0,231.56,747.56,￥
237.78,697.78,237.78,786.67,388.0,786.67,388.0,697.78,218
498.22,722.67,498.22,784.89,758.67,784.89,758.67,722.67,只卖七天
32.44,702.22,32.44,738.67,233.33,738.67,233.33,702.22,原价388元
23.64,24.0,23.64,61.09,209.82,61.09,209.82,24.0,BIAOYLN
260.73,13.09,260.73,71.27,502.91,71.27,502.91,13.09,品质如初
529.09,12.36,529.09,71.27,776.36,71.27,776.36,12.36,三年质保
172.33,214.0,171.0,220.0,208.33,220.67,209.0,216.0,###
391.0,310.0,391.0,315.33,407.0,315.33,407.0,310.0,###
480.33,275.33,480.33,279.33,491.67,279.33,491.67,275.33,###
499.67,278.67,499.0,282.67,515.0,284.0,515.0,278.67,###
477.67,234.67,477.67,238.67,488.33,238.67,488.33,234.67,###
