71.75,9.33,71.75,121.33,624.75,121.33,624.75,9.33,高盛意式咖啡
511.58,168.0,511.58,220.5,644.58,220.5,644.58,168.0,满88元起
513.92,231.0,513.92,290.5,639.92,290.5,639.92,231.0,包邮
352.92,194.83,352.92,212.33,392.58,212.33,392.58,194.83,1959
351.75,177.33,351.75,191.33,392.58,191.33,392.58,177.33,since
482.42,268.33,481.25,298.67,246.75,350.0,253.75,320.83,KhaoShon
279.42,450.33,279.42,467.83,326.08,467.83,326.08,450.33,3in1
281.75,470.17,281.75,483.0,341.25,483.0,341.25,470.17,###
326.08,491.17,326.08,483.0,279.42,483.0,279.42,491.17,###
364.58,564.67,362.25,582.17,252.58,596.17,256.08,571.67,Espresso
308.58,625.33,308.58,635.83,345.92,635.83,345.92,625.33,###
478.92,656.83,478.92,687.17,660.92,687.17,660.92,656.83,小西西店铺
477.75,689.5,477.75,698.83,655.08,698.83,655.08,689.5,coffeey.taobao.com
