507.19,764.98,507.19,780.78,522.99,781.57,522.99,764.98,号.
530.1,764.98,530.1,780.78,676.25,780.78,676.25,764.98,最能体现女性体型的一种
551.43,746.81,551.43,762.61,692.84,762.61,692.84,746.81,服饰美学中最具有女性窈窕
698.37,748.39,698.37,761.82,727.6,761.82,727.6,748.39,优雅.
733.92,746.81,733.92,762.61,775.79,762.61,775.79,746.81,自然的符
552.22,685.98,552.22,738.12,775.0,738.12,775.0,685.98,织衫的优雅
549.85,633.05,549.85,673.34,680.99,673.34,680.99,633.05,摩登起义
684.15,640.95,684.15,671.76,763.94,671.76,763.94,640.95,GIRL
555.38,583.28,555.38,627.52,737.87,627.52,737.87,583.28,ODEBN
530.89,583.28,530.89,674.13,562.49,674.13,562.49,583.28,I
678.62,507.44,678.62,521.66,774.21,521.66,774.21,507.44,RECORDED
733.92,485.32,733.92,501.12,770.26,501.12,770.26,485.32,AND
675.46,462.41,675.46,480.58,773.42,480.58,773.42,462.41,TREASURBED
699.95,355.19,699.95,372.57,775.0,372.57,775.0,355.19,BOTHBE
712.59,337.81,712.59,350.45,774.21,350.45,774.21,337.81,SHOULD
742.61,323.59,742.61,337.02,774.21,337.02,774.21,323.59,YOU
710.22,310.16,710.22,322.8,775.79,322.8,775.79,310.16,AROUND
749.72,286.46,749.72,302.26,775.79,302.26,775.79,286.46,OR
703.9,264.34,703.9,282.51,775.79,282.51,775.79,264.34,REMOTE
680.99,242.22,680.99,259.6,775.0,259.6,775.0,242.22,HAPPINESS
742.61,220.89,742.61,237.48,775.79,237.48,775.79,220.89,THE
719.7,200.35,719.7,215.36,775.79,215.36,775.79,200.35,MOOD
748.14,180.6,748.14,194.03,775.79,194.03,775.79,180.6,ISA
712.59,166.38,712.59,180.6,775.79,180.6,775.79,166.38,WAITNG
59.92,468.89,59.92,474.82,177.1,474.82,177.1,468.89,###
73.08,460.34,73.08,466.92,179.73,466.92,179.73,460.34,###
63.21,451.78,63.21,457.7,178.42,457.7,178.42,451.78,###
73.74,442.56,73.74,448.49,177.1,448.49,177.1,442.56,###
51.36,434.0,51.36,440.59,177.1,440.59,177.1,434.0,###
30.95,396.48,30.95,422.81,173.15,422.81,173.15,396.48,SWEATE
19.1,362.24,19.1,387.92,169.2,387.92,169.2,362.24,ALL-MAT
84.93,328.01,84.93,353.03,172.49,353.03,172.49,328.01,LOVE
53.33,63.06,53.33,109.14,149.45,109.14,149.45,63.06,新款
53.99,113.09,53.99,160.49,149.45,160.49,149.45,113.09,包邮
5.27,-0.8,5.27,141.64,775.52,140.98,780.79,-0.8,EASHION
