337.5,73.0,335.5,103.0,449.5,110.0,452.5,78.0,S6edgeplus/金
340.5,112.0,340.5,133.0,392.5,133.0,392.5,112.0,0.2MM
402.5,115.0,402.5,136.0,441.5,136.0,441.5,115.0,2.5D
291.5,189.0,291.5,217.0,404.5,217.0,404.5,189.0,Tempered
215.5,227.0,215.5,281.0,377.5,281.0,377.5,227.0,GLASS
269.78,374.22,271.56,423.11,336.44,423.11,338.5,375.0,9H
516.5,135.0,518.67,197.33,607.56,197.33,611.11,134.22,S6
625.5,137.0,629.5,204.0,797.5,209.0,797.5,139.0,###
600.5,215.0,600.5,273.0,794.5,273.0,794.5,215.0,3D曲面
617.5,279.0,617.5,337.0,796.5,337.0,796.5,279.0,钢化膜
532.5,338.0,532.5,376.0,793.5,376.0,792.44,343.11,全屏覆盖0.2MM
586.5,378.0,586.5,410.0,798.5,410.0,798.5,378.0,贴跟没贴一个样
630.5,525.0,630.5,601.0,711.5,601.0,711.5,525.0,送
523.5,616.0,523.5,675.0,794.5,675.0,794.5,616.0,透明手机壳
139.11,683.56,140.89,704.0,295.56,703.11,295.56,684.44,TheWordBest
139.5,724.0,139.5,744.0,183.5,744.0,183.5,724.0,Real
193.5,724.0,193.5,747.0,289.5,747.0,287.56,726.22,Tempered
298.22,726.22,298.22,744.89,356.5,748.0,354.22,728.0,GLASS
366.5,728.0,366.5,748.0,472.5,748.0,472.5,728.0,Protector
