10.0,36.0,10.0,78.67,178.0,78.67,178.0,36.0,OSRAM
252.67,34.67,252.67,85.33,783.33,85.33,783.33,34.67,欧司朗车品官方旗舰店
191.33,52.0,191.33,65.33,246.0,65.33,246.0,52.0,OSRAM
131.33,189.33,131.33,220.0,242.0,220.0,242.0,189.33,HB3
260.67,200.0,260.67,218.67,312.67,218.67,312.67,200.0,12V
324.67,198.67,324.67,220.0,391.33,220.0,391.33,198.67,60W
134.0,246.67,134.0,288.0,326.0,288.0,326.0,246.67,OSRAM
212.67,320.0,212.67,412.0,610.0,412.0,610.0,320.0,OSRAM
135.33,536.0,135.33,574.67,556.67,574.67,556.67,536.0,FOGBREAKER
624.67,608.0,624.67,628.0,726.0,625.33,726.0,606.67,GERMAN
624.67,632.0,626.0,648.0,726.0,642.67,727.33,630.67,LIGHTING
624.67,654.67,626.0,678.67,727.33,664.0,727.33,646.67,EXPERT
599.33,513.33,600.67,536.0,726.0,536.0,723.33,510.67,###
619.33,478.67,619.33,498.67,711.33,497.33,708.67,476.0,###
618.0,449.33,618.0,470.67,731.33,470.67,731.33,449.33,###
615.33,434.67,615.33,446.67,656.67,446.67,656.67,434.67,###
664.67,421.33,664.67,442.67,730.0,442.67,730.0,421.33,200%
99.33,49.33,99.33,52.0,99.33,52.0,99.33,49.33,###
