396.25,683.33,396.25,743.33,713.75,743.33,713.75,683.33,专柜正品
523.75,363.33,523.75,382.5,604.58,382.5,604.58,363.33,实物拍摄
535.42,341.67,535.42,359.17,592.92,359.17,592.92,341.67,100%
299.58,215.83,299.58,269.17,432.08,269.17,432.08,215.83,都市佳
345.42,46.67,343.75,59.17,462.08,70.83,463.75,49.17,###
324.58,72.5,324.58,87.5,333.75,87.5,333.75,72.5,2
346.25,74.17,344.58,93.33,452.08,105.0,457.08,82.5,无缝套楦内履
345.42,95.83,345.42,112.5,472.92,127.5,479.58,109.17,###
346.25,123.33,346.25,143.33,449.58,155.0,452.08,137.5,###
327.08,125.83,327.08,140.83,337.92,140.83,337.92,125.83,4
347.08,148.33,346.25,162.5,450.42,175.83,457.92,159.17,###
496.25,92.5,496.25,107.5,505.42,107.5,505.42,92.5,3
363.75,141.67,365.42,146.67,432.92,116.67,432.92,108.33,###
516.25,92.5,517.08,110.83,594.58,118.33,597.08,100.83,弹性橡胶
513.75,115.83,513.75,132.5,607.08,144.17,612.08,125.83,增强抓地力
520.42,145.83,523.75,165.83,646.25,177.5,649.58,159.17,###
533.75,166.67,527.08,184.17,581.25,192.5,582.08,173.33,###
498.75,163.33,498.75,172.5,511.25,172.5,511.25,163.33,###
497.92,175.0,492.92,169.17,467.08,196.67,467.08,204.17,###
14.58,26.67,14.58,105.83,423.75,105.83,423.75,26.67,收藏有礼
