440.67,290.67,440.67,318.67,766.0,318.67,766.0,290.67,卡诗干性去屑洗发水1000ML
459.33,340.0,459.33,370.67,587.33,370.67,587.33,340.0,高端卡诗
610.0,338.67,610.0,373.33,738.0,373.33,738.0,338.67,原装进口
450.0,405.33,450.0,474.67,734.0,474.67,734.0,405.33,去除头屑
456.67,508.0,456.67,576.0,739.33,576.0,739.33,508.0,干发滋养
415.33,480.0,415.33,489.33,467.33,489.33,467.33,480.0,正品保证
476.67,477.33,476.67,489.33,531.33,489.33,531.33,477.33,实物拍摄
400.67,450.67,397.23,478.77,501.85,476.31,501.23,450.46,自我本色
506.0,466.67,506.0,474.67,526.0,474.67,526.0,466.67,###
359.33,696.0,359.33,712.0,395.38,708.92,396.67,696.0,34fl.oz
162.0,696.0,162.0,712.0,208.67,712.0,208.67,696.0,1000ml
246.0,681.33,246.0,698.67,323.33,698.67,323.33,681.33,LOREAL
226.0,666.67,224.67,678.67,343.33,678.67,343.33,666.67,HECHERCHEAVANCEE
196.67,632.0,196.67,644.0,367.33,644.0,367.33,632.0,FORPEOFESSIONALUSEONLT
195.33,618.67,195.33,629.33,364.67,629.33,364.67,618.67,###
212.67,568.0,212.67,578.67,355.33,578.67,355.33,568.0,DRYSCALPANDDANDRUFF
232.67,554.67,232.67,566.67,336.67,566.67,336.67,554.67,PELUCUESSECHES
198.0,484.0,198.0,494.67,387.33,494.67,387.33,484.0,###
198.0,468.0,198.0,478.67,379.33,478.67,379.33,468.0,Shampooing-cureantipelliculaine
208.67,426.67,208.67,437.33,376.67,437.33,376.67,426.67,ZINCPYRITHIONR+GLYCERO
196.67,402.67,196.67,418.67,327.33,418.67,327.33,402.67,HYDRTANT
196.67,381.33,196.67,398.67,362.0,398.67,362.0,381.33,BAINEXEOLIANT
174.0,269.33,174.0,320.0,208.67,320.0,208.67,269.33,K
174.0,245.33,174.0,264.0,391.33,265.33,391.33,245.33,SPECIFIQUE
391.33,200.0,390.0,240.0,174.0,240.0,175.33,201.33,KERASTASE
587.33,85.33,587.33,124.0,759.33,124.0,759.33,85.33,点击抢购>
571.33,20.0,571.33,72.0,783.33,72.0,783.33,20.0,限时特价
269.23,702.15,269.23,711.38,301.85,711.38,301.85,702.15,PARS
