6.0,470.67,6.0,694.67,64.67,694.67,64.67,470.67,买一送一
83.33,485.33,83.33,789.33,142.0,789.33,142.0,485.33,第三件0元
672.67,68.0,672.67,197.33,728.67,197.33,728.67,68.0,奢华
738.0,24.0,738.0,244.0,775.33,244.0,775.33,24.0,贵族气质
442.0,214.67,442.0,264.0,508.67,264.0,508.67,214.67,Be
427.33,285.33,440.67,310.67,552.67,304.0,551.33,276.0,Your
395.33,342.67,399.33,373.33,624.67,357.33,624.67,326.67,personal
444.67,356.0,444.67,356.0,446.0,356.0,446.0,356.0,###
483.33,389.33,484.67,425.33,591.33,418.67,591.33,385.33,best
535.33,456.0,535.33,473.33,580.67,473.33,582.0,453.33,2016
148.4,45.6,148.4,59.2,169.2,59.2,169.2,45.6,O
86.8,78.4,96.4,92.0,103.6,92.0,94.8,76.8,I
153.54,123.08,167.69,136.62,176.31,130.46,166.46,116.92,K
16.92,116.31,30.46,129.85,41.54,121.85,31.69,109.54,u
68.62,24.62,80.31,34.46,89.54,32.0,83.38,19.69,9
7.69,56.62,18.77,69.54,26.15,62.77,16.92,49.85,8
