7.33,30.67,22.0,50.67,70.0,30.67,63.33,2.67,Hot
124.67,2.67,142.0,36.0,18.0,98.67,0.67,72.0,正品保证
603.33,28.0,603.33,93.33,119.33,93.33,119.33,28.0,三星笔记本主板
439.33,413.33,439.33,441.33,504.67,441.33,504.67,413.33,DDR2
522.0,414.67,522.0,440.0,586.0,440.0,586.0,414.67,ONLY
504.67,522.67,504.67,542.67,546.0,542.67,546.0,522.67,DDR2
556.67,524.0,556.67,541.33,596.67,541.33,596.67,524.0,ONLY
788.67,737.33,788.67,792.0,14.0,792.0,14.0,737.33,深圳蓝天科技笔记本配件专卖店
258.0,622.67,258.0,633.33,304.67,633.33,304.67,622.67,###
583.33,165.33,618.0,214.67,278.0,468.0,250.0,413.33,深圳蓝天科技
497.71,763.43,497.71,762.29,498.86,762.29,498.86,763.43,###
