49.17,141.67,49.17,211.67,630.83,211.67,630.83,141.67,8.8L超大容量水箱
54.17,255.0,54.17,308.33,295.83,308.33,295.83,255.0,可手洗水箱
52.5,333.33,52.5,381.67,354.17,381.67,354.17,333.33,纳米级雾化技术
57.5,446.67,57.5,463.33,265.83,463.33,265.83,446.67,QUICK&GLANTTANK
59.17,406.67,59.17,435.0,204.17,435.0,204.17,406.67,01.06.2016
60.83,473.33,60.83,483.33,272.5,483.33,272.5,473.33,###
57.5,490.0,57.5,498.33,297.5,498.33,297.5,490.0,###
15.83,693.33,15.83,835.0,285.83,835.0,285.83,693.33,175
17.5,860.0,17.5,910.0,207.5,910.0,207.5,860.0,全国包邮
535.83,815.0,535.83,836.67,440.83,836.67,440.83,815.0,Quick
640.83,833.33,640.83,840.0,654.17,840.0,654.17,833.33,###
660.83,833.33,660.83,841.67,685.83,841.67,685.83,833.33,###
