142.0,638.67,142.0,649.33,183.33,649.33,183.33,638.67,###
136.67,608.0,136.67,622.67,190.0,622.67,190.0,608.0,SPF30PA++
120.67,558.67,120.67,570.67,206.0,570.67,206.0,558.67,###
130.0,545.33,130.0,556.0,196.67,556.0,196.67,545.33,###
111.33,510.67,111.33,529.33,211.33,529.33,211.33,510.67,SKINAOUA
138.0,492.0,138.0,502.67,184.67,502.67,184.67,492.0,SUNPLAY
243.33,444.0,243.33,484.0,363.33,484.0,363.33,444.0,自由基
240.67,377.33,240.67,434.67,364.67,434.67,364.67,377.33,对抗
66.0,270.67,66.0,296.0,190.0,296.0,190.0,270.67,面部全身适用
235.33,269.33,235.33,296.0,338.0,296.0,338.0,269.33,妆前隔离液
391.33,272.0,391.33,296.0,475.33,296.0,475.33,272.0,无须卸妆
72.67,164.0,72.67,256.0,474.0,256.0,474.0,164.0,清爽防晒
24.67,68.0,24.67,157.33,412.67,157.33,412.67,68.0,轻薄水润
