42.73,261.19,42.73,308.37,247.18,308.37,247.18,261.19,月合木桶
280.68,260.51,280.68,307.69,484.44,307.69,484.44,260.51,美的享受
271.11,257.77,271.11,268.03,428.37,268.03,428.37,257.77,###
271.79,247.52,271.79,258.46,442.73,258.46,442.73,247.52,###
269.06,149.06,269.06,170.25,427.69,170.25,427.69,149.06,花果系列水晶泥
271.11,172.3,271.11,181.88,423.58,181.88,423.58,172.3,FLOWERFRUITSESSENCE
270.42,184.61,269.74,193.5,444.1,194.19,444.1,184.61,###
268.37,194.87,269.74,198.97,446.15,201.02,446.15,194.87,###
269.74,199.66,269.74,208.54,448.2,208.54,448.2,199.66,###
176.07,341.19,176.07,377.43,189.06,377.43,189.06,341.19,玫瑰
208.2,353.5,208.2,363.07,228.03,363.07,228.03,353.5,###
165.81,391.1,165.81,423.24,172.65,423.24,174.7,389.05,###
251.28,326.83,251.28,382.9,261.53,382.9,261.53,326.83,###
215.72,391.79,215.72,402.73,229.4,402.73,229.4,391.79,###
223.24,413.67,223.24,421.19,233.5,421.19,233.5,413.67,###
202.05,404.1,202.05,412.3,212.3,412.3,212.3,404.1,###
122.73,405.46,122.73,415.04,154.19,415.04,154.19,405.46,###
122.73,415.72,122.73,423.92,153.5,423.92,153.5,415.72,###
246.49,387.69,246.49,423.24,255.38,423.24,255.38,387.69,###
259.48,386.32,259.48,423.24,264.27,423.24,264.27,386.32,###
267.0,386.32,267.0,415.04,271.11,415.04,269.74,387.0,###
165.13,334.35,165.13,383.58,173.33,383.58,173.33,334.35,###
283.41,108.72,283.41,116.24,308.03,116.24,308.03,108.72,###
436.57,99.83,436.57,107.35,511.1,107.35,511.1,99.83,###
435.21,106.66,435.21,110.77,505.63,110.77,505.63,106.66,###
437.94,112.82,437.26,117.6,511.79,118.97,511.79,112.82,###
436.57,118.97,436.57,124.44,507.68,124.44,507.68,118.97,###
273.84,101.88,273.84,121.71,279.31,121.71,279.31,101.88,###
310.08,103.25,310.08,121.02,318.29,121.02,318.29,103.25,###
316.23,93.67,316.23,101.19,323.76,101.19,323.76,93.67,###
480.33,324.78,480.33,340.51,497.43,340.51,497.43,324.78,###
459.82,341.19,456.4,346.66,481.7,361.7,481.7,355.55,###
517.94,342.56,489.22,365.81,483.07,357.6,513.15,341.19,###
490.59,305.64,487.86,309.06,510.42,323.41,512.47,317.94,###
491.27,309.74,467.34,323.41,463.24,317.26,489.91,304.27,###
177.43,389.74,177.43,423.92,182.22,427.34,181.54,388.37,###
189.74,388.37,189.74,412.3,193.84,412.3,193.84,388.37,###
183.59,387.69,183.59,415.04,189.74,415.04,189.74,387.69,###
271.79,231.11,271.79,244.78,383.24,244.78,383.24,231.11,FOOTBATH
272.47,218.12,272.47,228.37,383.24,228.37,383.24,218.12,水晶泥沐足剂系列
