67.97,44.06,67.97,107.81,195.47,107.81,195.47,44.06,澳洲
68.91,122.81,68.91,189.38,201.09,189.38,201.09,122.81,直邮
454.22,151.88,454.22,217.5,711.09,217.5,711.09,151.88,玫瑰喷雾
483.28,270.0,483.28,334.69,684.84,334.69,684.84,270.0,爽肤水
469.22,418.13,469.22,480.94,726.09,480.94,726.09,418.13,孕妇可用
488.91,555.94,488.91,595.31,590.16,595.31,590.16,555.94,125
593.91,544.69,593.91,591.56,690.47,591.56,690.47,544.69,ML
254.69,896.25,254.69,914.38,554.06,914.38,553.44,897.5,Shop63207516.taobao.com
226.56,843.13,227.19,855.63,264.06,866.88,264.06,854.38,###
267.19,856.88,268.44,868.13,294.06,871.88,294.06,861.25,###
297.81,861.25,297.81,872.5,352.81,872.5,352.81,861.25,POESHT
355.94,859.38,357.19,873.75,389.69,867.5,390.94,856.25,COST
394.06,855.63,394.06,867.5,438.44,853.13,437.19,841.88,###
233.44,844.38,233.44,899.38,575.94,889.38,576.56,848.13,小泽儿澳洲代购
285.31,826.88,284.06,836.25,313.44,838.75,313.44,826.88,125ml
314.69,823.75,314.69,838.75,329.06,838.75,329.06,823.75,e
330.94,826.88,330.94,838.13,358.44,838.13,358.44,826.88,1.23fl
360.94,831.25,360.94,837.5,385.94,833.75,387.81,826.88,###
275.94,786.88,276.56,793.75,312.19,797.5,311.56,789.38,###
314.69,790.0,314.69,796.88,328.44,796.88,328.44,790.0,###
331.56,787.5,331.56,797.5,343.44,797.5,343.44,787.5,###
345.94,788.13,345.94,796.88,391.56,791.88,393.44,786.25,###
269.69,756.88,269.69,764.38,312.81,766.88,313.44,759.38,###
317.19,760.0,317.19,766.88,334.06,766.88,334.06,760.0,###
337.19,758.75,337.19,766.25,359.69,766.25,359.69,758.75,###
363.44,757.5,365.31,765.0,395.31,763.13,394.69,755.63,###
252.81,740.63,253.44,746.88,295.94,753.75,293.44,745.0,###
298.44,746.88,298.44,753.75,352.19,753.75,352.19,746.88,###
355.31,746.25,355.31,751.25,373.44,751.25,373.44,746.25,###
374.69,744.38,379.06,751.25,414.06,745.63,415.94,737.5,###
259.69,720.0,259.88,728.25,320.94,731.25,320.94,720.0,Alcohol&
326.56,722.5,326.56,729.38,378.44,728.75,380.31,721.25,paraben
384.69,720.0,385.31,727.5,408.44,725.0,408.44,717.5,Free
259.06,680.63,260.31,703.13,312.19,705.0,315.31,683.13,MIST
321.56,683.75,324.69,704.38,411.56,700.0,410.94,678.13,TONER
277.19,653.13,277.19,670.63,392.81,670.63,392.81,653.13,Hydrating
259.69,608.13,259.69,615.63,410.94,615.63,410.94,608.13,sustraliannaturalskincare
260.94,576.88,259.06,603.13,410.31,603.13,410.94,577.5,sukin
372.19,514.38,372.19,521.25,399.69,521.25,399.69,514.38,###
367.25,489.0,363.75,500.5,367.75,501.5,371.75,489.5,###
368.75,486.0,371.75,489.0,381.75,483.5,379.75,479.0,###
385.25,477.5,383.25,482.0,398.75,491.0,400.75,485.0,###
397.75,491.5,401.75,502.0,405.75,501.0,401.75,489.5,###
