362.92,53.33,362.92,38.33,456.25,37.5,451.25,53.33,Sozzy
523.75,90.83,523.75,76.67,586.25,76.67,586.25,90.83,Sozzy
487.08,177.5,487.08,170.83,526.25,170.83,526.25,177.5,###
488.75,184.17,488.75,178.33,525.42,178.33,525.42,184.17,###
489.58,191.67,489.58,185.0,522.92,185.0,522.92,191.67,###
481.25,204.17,481.25,198.33,522.08,198.33,522.08,204.17,###
481.25,210.83,481.25,204.17,514.58,204.17,514.58,210.83,###
480.42,220.0,480.42,213.33,527.08,213.33,527.08,220.0,###
481.25,225.0,481.25,220.0,513.75,220.0,513.75,225.0,###
479.58,235.0,479.58,228.33,528.75,228.33,528.75,235.0,###
696.25,75.0,696.25,62.5,729.58,62.5,729.58,75.0,###
482.08,266.67,482.08,253.33,527.08,253.33,527.08,266.67,blocks
489.58,279.17,489.58,266.67,518.75,266.67,518.75,279.17,99%
486.25,287.5,486.25,280.0,519.58,280.0,519.58,287.5,###
490.42,293.33,490.42,286.67,520.42,286.67,520.42,293.33,###
477.08,367.5,477.08,342.5,738.75,342.5,738.75,367.5,stollerragshade
477.92,393.33,477.92,380.0,735.42,380.0,735.42,393.33,###
7.92,480.83,7.92,499.17,17.92,499.17,17.92,480.83,1
210.42,497.5,210.42,515.0,222.92,515.0,222.92,497.5,2
394.58,492.5,394.58,508.33,404.58,508.33,404.58,492.5,3
571.25,494.17,571.25,510.83,582.92,510.83,582.92,494.17,4
20.42,690.0,20.42,658.33,270.42,658.33,270.42,690.0,伞车通用遮阳蓬
1.25,748.33,1.25,691.67,533.75,691.67,533.75,748.33,防紫外线，透气防水
535.78,690.0,535.78,736.88,628.59,736.88,628.59,690.0,正品
690.47,705.0,690.47,705.0,689.53,705.0,689.53,705.0,###
630.47,680.63,630.47,739.69,749.53,739.69,749.53,680.63,包邮
