9.45,98.7,30.45,121.8,118.65,31.5,96.25,4.2,100%
17.15,142.1,47.95,166.6,164.85,41.3,137.55,14.7,官方正品
177.45,39.2,175.35,100.1,528.85,100.1,529.55,42.0,送！送！送！
248.85,130.9,248.85,146.3,453.25,146.3,453.25,130.9,中国灸法研究中心研制
400.75,165.9,400.75,181.3,411.95,181.3,411.95,165.9,Ⅱ
442.05,165.9,442.05,182.0,457.45,182.0,458.85,165.2,型
75.95,611.1,75.95,681.8,646.45,681.8,646.45,611.1,冬病夏治大促销
556.15,2.1,509.25,20.3,668.15,190.4,699.65,154.0,全国包邮
267.05,563.5,267.05,578.9,452.55,578.9,452.55,563.5,DevelopedChinaMoxibustionInstitute
238.35,163.8,238.35,185.5,262.85,185.5,262.85,163.8,灸
241.85,314.3,241.85,338.1,266.35,338.1,266.35,314.3,中
236.95,359.1,236.95,392.0,271.25,392.0,271.25,359.1,国
216.65,439.6,216.65,505.4,290.85,505.4,290.85,439.6,灸
467.25,462.0,467.25,503.3,479.85,503.3,479.85,462.0,###
451.85,473.2,451.85,543.2,464.45,543.2,464.45,473.2,###
74.55,154.7,74.55,562.8,141.05,562.8,141.05,154.7,夏季大礼包
234.85,191.1,234.85,197.4,267.75,197.4,267.75,191.1,###
259.35,203.7,259.35,251.3,443.45,251.3,443.45,203.7,痛经灸
565.95,153.3,565.95,563.5,633.85,563.5,633.85,153.3,你买我就送
