63.64,525.09,63.64,558.55,225.82,558.55,225.82,525.09,点击抢购
8.36,205.82,8.36,304.73,390.18,304.73,390.18,205.82,全国包邮
9.82,18.18,9.82,63.27,263.64,63.27,263.64,18.18,LOADRE.
287.64,16.0,287.64,68.36,396.0,68.36,396.0,16.0,蓝泽
734.91,1.45,716.0,24.73,780.0,73.45,794.55,48.0,11.11
697.82,12.36,684.0,32.73,778.55,104.73,788.0,80.0,购物狂欢节
713.82,58.18,705.09,64.0,732.0,82.91,737.09,75.64,2?13
497.09,554.91,495.64,570.18,620.0,573.09,619.27,552.73,LOADRE.蓝泽
625.09,551.27,625.82,559.27,680.36,560.73,678.91,552.73,###
624.36,562.91,624.36,570.18,657.09,570.18,657.09,562.91,###
660.73,562.91,660.73,570.18,678.91,570.18,678.91,562.91,###
742.91,570.91,744.27,581.87,752.8,578.13,750.67,569.07,###
740.53,544.53,740.53,554.67,748.53,554.67,748.53,544.53,###
738.93,521.07,741.6,528.53,754.93,525.33,754.4,518.4,###
740.53,467.2,740.53,477.87,749.07,477.87,749.07,467.2,###
740.53,443.73,740.53,452.8,746.4,452.8,746.4,443.73,###
741.07,416.53,741.07,428.8,752.27,428.8,752.27,416.53,###
741.07,392.53,740.53,402.67,757.6,396.27,758.13,388.8,###
741.6,366.4,741.6,376.53,748.0,376.53,748.0,366.4,###
526.67,379.73,526.67,398.93,561.87,398.93,561.87,379.73,MD
569.87,382.4,569.87,398.93,645.07,398.93,645.07,382.4,大红色膏
529.87,347.73,529.87,358.93,663.73,358.93,663.73,347.73,PRODTTO-PRODUCT
435.47,456.53,436.0,462.93,445.6,465.6,445.6,459.2,###
433.33,397.87,433.33,404.8,441.33,404.8,441.33,397.87,###
434.4,374.4,434.4,380.27,439.73,380.27,439.73,374.4,###
435.47,516.27,435.47,524.27,440.27,524.27,440.27,516.27,###
463.73,452.27,465.33,462.4,589.07,466.67,588.53,457.6,FORINOUSTRIALUSEONLY
463.73,438.93,464.27,448.0,559.2,452.8,559.2,443.73,ELTF-RNEPLGMENT
562.4,443.2,562.4,452.8,673.33,451.2,673.87,442.13,WATERDISPERSIONS
463.73,425.6,464.8,435.2,559.2,440.0,557.07,430.4,ALL’ACOUAPERUSO
561.87,430.4,561.87,438.93,631.2,438.93,631.2,430.4,INDUSTRIALR
463.73,411.73,463.2,420.8,564.0,425.6,564.53,416.53,PLGVENTIDISPERSIUL
566.67,416.0,566.67,425.07,606.67,425.07,606.67,416.0,TRARNI
75.47,342.4,75.47,379.2,149.07,379.2,149.07,342.4,MD
161.87,340.27,161.87,386.13,340.0,386.13,340.0,340.27,大红色膏
