39.91,117.34,47.84,133.73,114.96,79.81,105.45,64.49,赶集的花花
187.91,1.06,187.91,11.1,209.05,11.1,209.05,1.06,###
139.81,151.7,147.74,167.56,214.86,110.47,205.88,98.84,赶集的花花
309.48,60.26,317.41,73.47,330.62,66.07,321.64,49.69,赶
386.12,97.79,394.58,108.89,459.06,58.14,449.55,43.87,赶集的花花
549.98,1.06,549.98,12.69,566.36,7.93,569.01,2.11,###
537.29,117.34,544.16,133.73,612.35,79.29,601.78,64.49,赶集的花花
673.66,40.7,684.76,55.5,688.99,50.21,678.95,37.53,###
2.35,225.36,1.32,245.26,24.05,226.23,16.12,211.96,花花
129.24,270.63,138.22,282.26,204.82,226.76,193.72,216.19,赶集的花花
1.32,357.84,9.25,370.0,74.79,318.73,65.28,304.46,赶集的花花
466.46,182.36,473.34,195.57,514.04,160.16,503.46,148.53,的花花
619.75,182.36,627.15,196.1,694.28,138.49,681.59,127.91,赶集的花花
500.82,256.89,507.69,270.1,574.29,216.71,563.19,202.97,赶集的花花
695.86,269.57,703.79,283.31,739.21,253.19,738.68,234.69,赶集的
557.91,336.7,570.06,349.91,631.91,295.47,623.98,281.2,赶集的花花
617.64,414.4,628.21,427.09,694.28,371.59,681.59,361.54,赶集的花花
447.44,422.86,453.78,436.6,518.26,385.86,509.81,373.17,赶集的花花
498.71,478.89,508.22,494.74,574.82,441.89,564.25,427.61,赶集的花花
568.48,590.94,576.41,605.74,642.48,552.36,631.91,539.67,赶集的花花
721.76,611.56,729.69,624.77,739.66,621.6,736.56,604.16,赶
602.84,722.03,612.88,734.19,676.84,681.86,667.85,669.17,赶集的花花
417.31,721.5,425.24,735.24,490.78,681.86,480.21,668.64,赶集的花花
289.39,667.59,295.21,680.8,336.96,649.09,326.39,636.93,赶集的
297.85,724.67,297.85,739.47,316.88,739.47,316.88,724.67,花
226.49,569.27,237.59,583.54,272.48,555.0,265.08,540.2,赶集的
128.71,668.64,138.75,680.27,204.82,626.89,193.19,614.73,赶集的花花
30.92,612.61,37.79,628.47,103.86,573.5,94.35,560.81,赶集的花花
142.98,513.24,153.55,528.04,216.98,475.19,207.99,458.8,赶集的花花
0.26,485.76,0.26,505.84,39.38,473.07,29.86,461.44,的花花
6.08,401.71,6.08,413.87,399.86,413.87,399.86,401.71,淘宝店：TAIWANSHEHUA.TAOBAO.COM或SEHOP60390479.TAOBAO.COM
231.25,383.74,231.25,396.96,397.22,396.96,397.22,383.74,二号微信:Ganjideuahua2
425.24,383.74,425.24,398.01,719.12,398.01,719.12,383.74,TAIWANSHEHUA.TAOBAO.COM
426.29,338.81,426.29,371.59,723.88,371.59,723.88,338.81,旺旺ID:赶集的花花
45.72,367.36,45.72,382.69,397.75,382.69,397.75,367.36,店铺代购专用微信号:一号微信:18651586960（已满人.加二号）
212.75,351.5,212.75,366.3,396.16,366.3,396.16,351.5,代购发货时间为1-7个工作日左右
244.46,334.06,244.46,350.44,397.22,350.44,397.22,334.06,请试穿后确定尺码后再购买：）
224.38,317.14,224.38,330.89,313.18,330.89,313.18,317.14,务必试穿好代购
321.64,318.2,321.64,331.94,395.64,331.94,395.64,318.2,请勿冲动消费
443.74,309.74,453.78,321.9,476.51,304.46,465.94,293.89,花花
107.3,421.13,113.35,435.93,179.95,382.11,168.52,370.67,赶集的花花
