6.75,440.0,6.75,456.0,79.25,456.0,79.25,440.0,德国正品
226.25,335.0,226.25,359.0,454.25,359.0,454.25,335.0,德国莱唯德（拉薇）
141.75,371.5,141.75,396.0,463.25,396.0,463.25,371.5,有机小红美深层滋润日霜
272.75,408.5,272.75,429.0,332.25,429.0,332.25,408.5,30ml
371.25,420.0,371.25,437.5,471.25,437.5,471.25,420.0,德国寻宝网
345.75,463.0,349.25,488.0,425.75,486.5,425.75,463.5,Shih
427.25,450.0,427.75,463.0,439.25,462.5,439.25,450.0,德
435.25,464.0,435.25,475.5,446.25,475.5,446.25,464.0,國
448.75,457.5,448.75,485.0,490.25,485.0,490.25,457.5,###
26.25,341.0,26.25,374.0,62.75,374.0,62.75,341.0,邮
47.75,299.0,47.75,331.5,82.75,331.5,82.75,299.0,直
25.25,248.0,25.25,282.5,61.75,282.5,61.75,248.0,购
45.75,205.0,45.75,238.5,83.25,238.5,83.25,205.0,代
26.25,163.0,26.25,196.5,60.25,196.5,60.25,163.0,国
44.25,122.0,44.25,153.5,84.25,153.5,84.25,122.0,德
227.25,238.5,227.25,255.0,269.25,255.0,269.25,238.5,lavera
228.25,258.0,228.25,265.0,268.25,265.0,268.25,258.0,###
175.25,257.5,175.25,265.0,197.25,265.0,197.25,257.5,RICHE
176.25,250.0,176.25,256.5,220.75,256.5,220.75,250.0,SOINDEJOUR
124.25,257.5,124.25,264.0,167.25,264.0,167.25,257.5,TAGESPFLEGE
122.75,250.0,122.75,257.0,169.25,257.0,169.25,250.0,REICHHALTIGE
122.75,243.0,122.75,248.0,155.25,248.0,155.25,243.0,###
123.25,235.5,123.25,241.0,164.25,241.0,164.25,235.5,###
176.75,235.0,176.75,241.5,216.25,241.5,216.25,235.0,###
176.75,242.5,176.75,248.0,220.75,248.0,220.75,242.5,###
309.25,281.0,309.25,287.0,362.75,287.0,362.75,281.0,###
376.25,281.5,376.25,286.5,408.75,286.5,408.75,281.5,###
347.25,276.0,347.25,280.0,373.75,280.0,373.75,276.0,###
352.25,272.5,352.25,275.5,362.25,275.5,362.25,272.5,###
415.75,275.0,415.75,279.0,440.25,279.0,440.25,275.0,###
420.25,271.5,420.25,275.0,428.75,275.0,428.75,271.5,###
377.75,264.5,377.75,271.5,420.25,271.5,420.25,264.5,TAGESPFLEGE
378.25,257.0,378.25,263.5,423.25,263.5,423.25,257.0,REICHHALTIGE
377.75,249.0,377.75,254.5,411.75,254.5,411.75,249.0,###
377.75,242.0,377.75,247.0,421.75,247.0,421.75,242.0,###
309.75,265.0,309.75,271.5,327.75,271.5,327.75,265.0,RICHE
309.75,256.0,309.75,264.5,352.25,264.5,352.25,256.0,SOINDEJOUR
308.75,248.5,308.75,254.5,357.75,254.5,357.75,248.5,###
308.75,242.0,308.75,247.5,353.25,247.5,353.25,242.0,###
361.75,204.5,361.75,215.5,380.75,215.5,380.75,204.5,BIO
408.25,198.0,407.75,205.5,424.75,200.0,424.25,192.5,NFU
407.25,191.0,409.25,197.0,446.75,184.5,446.25,177.0,NOUVEAU
339.25,184.5,339.25,190.5,403.75,190.5,403.75,184.5,###
339.75,164.5,339.75,178.5,402.25,178.5,402.25,164.5,lavera
304.25,140.0,304.25,147.5,394.75,147.0,395.75,140.0,SOINDEJOURITAFESPFLEGE
305.25,133.0,305.25,136.5,367.25,136.5,367.25,133.0,###
305.25,125.5,305.25,130.0,350.25,130.0,350.25,125.5,###
304.75,117.5,304.75,122.5,367.25,122.5,367.25,117.5,###
306.25,112.0,306.25,116.0,374.75,116.0,374.75,112.0,###
304.75,95.0,304.75,108.5,328.75,108.5,328.75,95.0,BIO
450.25,281.5,450.25,284.5,458.25,284.5,458.25,281.5,###
449.25,274.5,449.25,277.5,462.25,277.5,462.25,274.5,###
449.75,261.5,449.75,265.5,460.75,265.5,460.75,261.5,###
451.75,254.5,451.75,258.0,461.75,258.0,461.75,254.5,###
451.25,249.5,451.25,253.5,462.75,253.5,462.75,249.5,###
451.75,233.5,451.75,240.0,463.25,240.0,463.25,233.5,###
451.75,228.0,451.75,232.5,463.75,232.5,463.75,228.0,###
451.25,216.5,451.25,221.5,463.25,221.5,463.25,216.5,###
450.25,210.0,450.25,214.5,463.25,214.5,463.25,210.0,###
450.75,201.0,451.75,205.5,462.75,207.5,464.25,204.0,###
453.25,194.5,452.25,198.0,461.25,199.5,460.75,196.0,###
452.75,190.0,452.75,193.5,464.25,194.5,464.75,192.5,###
450.25,182.5,450.75,187.5,463.25,189.5,464.25,187.0,###
452.25,173.5,453.25,178.0,462.25,180.0,463.25,175.5,###
452.75,166.0,454.25,171.5,464.25,173.0,465.25,169.0,###
150.75,343.0,150.75,356.5,220.25,356.5,220.25,343.0,Lavera
354.75,210.0,360.25,224.5,364.75,223.5,358.75,210.5,###
365.25,221.0,367.75,225.0,375.25,226.0,374.75,223.0,###
376.25,221.5,376.75,225.5,383.75,220.5,381.25,218.0,###
385.25,208.5,382.75,218.5,385.25,219.0,386.75,209.0,###
374.75,195.5,375.75,198.0,383.25,201.5,383.25,197.5,###
383.75,202.0,383.75,207.5,386.75,207.5,386.75,202.0,###
368.25,194.0,368.25,198.0,374.25,198.0,374.25,194.0,###
356.75,201.5,355.25,208.0,358.25,206.5,359.25,204.0,###
363.25,195.0,358.25,201.5,360.75,201.0,367.25,195.5,###
