563.65,1153.85,564.81,1174.62,668.65,1190.77,667.5,1172.31,Speciallec
668.65,1164.23,673.27,1193.08,788.65,1191.92,792.12,1167.69,itintablett
563.65,1116.92,564.81,1142.31,661.73,1157.31,660.58,1134.23,Erlkoisles
664.04,1131.92,664.04,1157.31,805.96,1158.46,805.96,1134.23,itiinitabletti
870.58,1152.69,872.88,1178.08,902.88,1171.15,904.04,1148.08,###
831.35,1128.46,832.5,1156.15,902.88,1136.54,901.73,1115.77,###
654.81,1067.31,654.81,1098.46,824.42,1098.46,824.42,1067.31,lk??ntyville
642.12,1002.69,642.12,1035.0,830.19,1032.69,831.35,1005.0,Opiskelijoille
640.96,939.23,640.96,968.08,842.88,968.08,842.88,939.23,Lis??vireytt?
636.35,811.15,636.35,849.23,850.96,849.23,850.96,811.15,Mangaani
564.81,743.08,564.81,792.69,822.12,792.69,822.12,743.08,Fosfoko
823.27,730.38,823.27,785.77,909.81,773.08,910.96,722.31,liini
628.27,578.08,628.27,647.31,925.96,645.0,927.12,578.08,热爱蓝天
517.5,647.31,517.5,673.85,547.5,683.08,548.65,658.85,###
517.5,617.31,517.5,645.0,530.19,645.0,529.04,623.08,###
518.65,1129.62,520.96,1152.69,542.88,1163.08,539.42,1136.54,###
336.35,242.31,336.35,333.46,1104.81,333.46,1104.81,242.31,芬兰原装正品
467.88,128.08,467.88,210.0,979.04,210.0,979.04,128.08,现货包邮
920.19,620.77,914.42,1114.62,923.65,1113.46,929.42,626.54,###
913.27,1152.69,913.27,1168.85,922.5,1163.08,923.65,1149.23,###
730.96,175.38,730.96,175.38,728.65,175.38,728.65,175.38,###
