131.33,22.67,131.33,58.67,307.33,58.67,307.33,22.67,英淘好宝贝
135.33,73.33,135.33,100.0,295.33,100.0,295.33,73.33,英国店主嘟妈
30.0,249.33,30.0,278.67,174.0,278.67,174.0,249.33,Aptamil
54.0,293.33,54.0,308.0,158.0,308.0,158.0,293.33,###
86.0,320.0,86.0,329.33,124.67,329.33,124.67,320.0,###
92.67,330.67,92.67,342.67,119.33,342.67,119.33,330.67,###
83.33,344.0,83.33,353.33,131.33,353.33,131.33,344.0,###
135.33,446.67,135.33,470.67,182.0,470.67,182.0,446.67,4-6+
140.67,472.0,140.67,482.67,176.67,482.67,176.67,472.0,###
103.33,448.0,103.33,457.33,134.0,457.33,134.0,448.0,###
107.33,473.33,107.33,481.33,126.0,481.33,126.0,473.33,###
220.67,304.0,220.67,334.67,368.67,334.67,368.67,304.0,Aptamil
307.33,336.0,307.33,345.33,366.0,345.33,366.0,336.0,###
244.67,349.33,244.67,364.0,355.33,364.0,355.33,349.33,###
228.67,190.67,228.67,225.33,415.33,225.33,415.33,190.67,英淘好宝贝
704.67,254.67,704.67,265.33,754.0,265.33,754.0,254.67,###
608.67,302.67,608.67,336.0,758.0,336.0,758.0,302.67,Aptamil
698.0,336.0,698.0,345.33,755.33,345.33,755.33,336.0,###
639.33,346.67,639.33,358.67,735.33,358.67,735.33,346.67,###
663.33,361.33,663.33,373.33,712.67,373.33,712.67,361.33,###
730.0,504.0,730.0,528.0,755.33,528.0,755.33,504.0,4-6+
414.0,256.0,414.0,288.0,562.0,288.0,562.0,256.0,Aptamil
523.33,456.0,523.33,481.33,567.33,481.33,567.33,456.0,4-6+
528.67,482.67,528.67,490.67,564.67,490.67,564.67,482.67,###
492.67,601.33,492.67,636.0,676.67,636.0,676.67,601.33,富含维他命
435.33,646.67,435.33,685.33,560.67,685.33,560.67,646.67,无色素，
586.0,645.33,586.0,682.67,736.67,682.67,736.67,645.33,无防腐剂
66.0,720.0,66.0,770.67,415.33,770.67,415.33,720.0,全球购金牌卖家
331.33,504.0,331.33,526.67,378.0,526.67,378.0,504.0,4-6+
434.0,722.67,434.0,769.33,736.67,769.33,736.67,722.67,万千妈妈信赖
662.0,390.67,662.0,401.33,716.67,401.33,716.67,390.67,###
687.33,505.33,687.33,513.33,714.0,513.33,714.0,505.33,###
690.0,533.33,690.0,538.67,714.0,538.67,714.0,533.33,###
612.67,505.33,612.67,513.33,662.0,513.33,662.0,505.33,###
478.0,336.0,478.0,346.67,506.0,346.67,506.0,336.0,###
499.33,289.33,499.33,297.33,563.33,297.33,563.33,289.33,###
442.0,301.33,442.0,312.0,546.0,312.0,546.0,301.33,###
470.0,316.0,470.0,325.33,520.67,325.33,520.67,316.0,###
464.67,344.0,466.0,352.0,522.0,352.0,522.0,344.0,###
471.33,353.33,471.33,360.0,518.0,360.0,518.0,353.33,###
419.33,457.33,418.0,466.67,467.33,466.67,467.33,457.33,###
492.67,458.67,492.67,465.33,515.33,465.33,515.33,458.67,###
495.33,485.33,495.33,490.67,515.33,490.67,515.33,485.33,###
35.33,448.0,35.33,456.0,84.67,456.0,84.67,448.0,###
226.0,505.33,226.0,513.33,276.67,513.33,276.67,505.33,###
300.67,505.33,300.67,513.33,323.33,513.33,323.33,505.33,###
304.67,528.0,304.67,534.67,320.67,534.67,320.67,528.0,###
298.0,530.67,298.0,538.67,323.33,538.67,323.33,530.67,###
338.0,529.33,338.0,538.67,370.0,538.67,370.0,529.33,###
40.67,457.33,40.67,464.0,72.67,464.0,72.67,457.33,###
40.67,465.33,40.67,472.0,98.0,472.0,98.0,465.33,###
723.33,529.33,723.33,538.67,762.0,538.67,762.0,529.33,###
674.0,384.0,674.0,390.67,702.0,390.67,702.0,384.0,###
268.67,392.0,268.67,400.0,328.67,400.0,328.67,392.0,###
274.0,401.33,274.0,406.67,326.0,406.67,326.0,401.33,###
283.33,382.67,283.33,392.0,314.0,392.0,314.0,382.67,###
423.33,468.0,423.33,473.33,456.67,473.33,456.67,468.0,###
424.67,474.67,424.67,480.0,487.33,480.0,487.33,474.67,###
422.0,480.0,422.0,485.33,484.67,485.33,484.67,480.0,###
423.33,486.67,423.33,492.0,474.0,492.0,474.0,486.67,###
616.67,516.0,616.67,521.33,679.33,521.33,679.33,516.0,###
616.67,522.67,616.67,528.0,664.67,528.0,664.67,522.67,###
618.0,529.33,618.0,533.33,668.67,533.33,668.67,529.33,###
612.67,533.33,612.67,538.67,674.0,538.67,674.0,533.33,###
230.0,514.67,224.67,518.67,263.33,521.33,263.33,514.67,###
291.33,526.67,291.33,520.0,234.0,520.0,234.0,526.67,###
231.33,525.33,227.33,530.67,291.33,534.67,291.33,525.33,###
232.67,533.33,232.67,538.67,276.67,538.67,276.67,533.33,###
