323.73,170.67,323.73,304.0,380.27,304.0,380.27,170.67,C
211.73,323.2,211.73,378.67,480.53,378.67,480.53,328.53,CLINIQUE
264.0,405.33,264.0,421.33,422.93,421.33,422.93,405.33,allabouteves
243.73,436.27,243.73,448.0,266.13,448.0,266.13,436.27,###
307.73,436.27,307.73,450.13,316.27,450.13,316.27,436.27,###
347.2,435.2,347.2,452.27,392.0,452.27,392.0,435.2,###
397.33,437.33,397.33,454.4,411.2,454.4,411.2,437.33,###
174.4,459.73,174.4,475.73,500.8,475.73,500.8,459.73,soinyeuxanti-poches-cernes
185.07,497.07,185.07,514.13,493.33,514.13,493.33,497.07,ALLSKINTYPES/TOUSTYPESDEPEAU
463.47,520.53,463.47,546.13,496.53,546.13,496.53,520.53,e
9.07,772.27,9.07,819.2,270.4,819.2,270.4,772.27,澳门正品代购
377.07,758.4,377.07,794.67,593.6,794.67,593.6,758.4,代购微信直播
297.07,806.4,297.07,840.53,629.87,840.53,629.87,806.4,微信号：535944390
182.93,525.87,182.93,546.13,452.8,546.13,452.8,525.87,POIDSNETWT,.5OZ./15ml
177.6,412.8,177.6,454.4,446.4,454.4,446.4,412.8,火火澳门代购
