40.5,693.0,40.5,794.0,381.5,758.0,376.5,656.0,扮潮季
429.5,699.0,429.5,747.0,524.5,747.0,524.5,699.0,限时
428.5,750.0,428.5,798.0,523.5,798.0,523.5,750.0,包邮
566.5,663.0,566.5,792.0,742.5,792.0,742.5,663.0,68
43.5,332.0,43.5,373.0,244.5,373.0,244.5,332.0,火热促销中
28.5,72.0,28.5,124.0,558.5,124.0,558.5,72.0,春夏季平跟帆布休闲鞋
31.5,153.0,31.5,191.0,263.5,191.0,263.5,153.0,亮眼百搭的款式
275.5,153.0,275.5,190.0,540.5,190.0,540.5,153.0,激发无限青春活力
30.5,206.0,30.5,244.0,197.5,244.0,197.5,206.0,精细的裁制
216.5,208.0,216.5,240.0,517.5,240.0,517.5,208.0,体验彰显高尚的品味
606.5,143.0,617.5,179.0,694.5,154.0,682.5,119.0,新品
622.5,189.0,635.5,225.0,713.5,203.0,700.5,163.0,首发
33.5,251.0,33.5,261.0,110.5,261.0,110.5,251.0,High-endno.1
33.5,266.0,33.5,276.0,267.5,276.0,267.5,266.0,Coolaslamborghin3llarge-capacitydust
