56.33,78.67,56.33,124.0,179.67,124.0,171.0,92.0,U-ZA
111.0,58.67,111.0,78.0,201.0,78.0,201.0,58.67,Sanita
388.33,55.33,388.33,150.67,785.67,150.67,785.67,55.33,温和配方
415.67,166.67,415.67,198.0,600.33,198.0,600.33,166.67,天然柚子成分
621.0,166.0,606.33,196.0,757.67,197.33,757.67,166.67,/25省包邮
538.33,282.67,559.0,346.0,621.0,330.67,608.33,261.33,送
529.0,352.0,529.0,400.0,625.67,400.0,625.67,352.0,防滑
513.67,404.0,513.67,442.0,643.67,442.0,643.67,404.0,奶瓶夹
269.67,447.33,269.67,491.33,377.0,492.67,371.0,463.33,U-ZA
316.33,428.0,316.33,445.33,389.0,445.33,389.0,428.0,Sanita
66.93,135.47,66.93,141.33,169.33,141.33,169.33,135.47,forCleanandPleasantfe
268.53,373.87,268.53,381.33,369.87,381.33,369.87,373.87,NURSLNCBOTTLECUANER
276.53,500.8,276.53,506.67,369.87,506.67,369.87,500.8,forCleanandPleasantfe
257.96,529.07,256.36,538.67,364.62,538.67,365.16,530.67,100%FOODADDITIVE
255.82,542.4,256.36,549.33,297.42,553.6,298.49,545.6,OOJUNC
299.56,544.53,299.56,551.47,350.22,551.47,350.22,544.53,MINRAL
351.82,544.0,353.42,551.47,380.62,550.4,381.16,542.4,WATER
328.89,563.2,329.42,573.33,382.76,570.13,381.69,558.4,BOTTLE
255.29,574.93,256.89,587.2,320.89,591.47,321.42,580.8,CLEANER
255.82,557.87,254.76,570.67,323.56,573.87,324.09,564.27,NURSING
347.02,634.84,347.56,641.78,382.22,638.58,381.16,631.11,###
349.69,644.98,351.82,650.84,380.62,649.24,380.62,641.78,###
252.62,669.33,252.62,675.73,269.69,678.4,270.76,673.07,###
272.89,672.53,273.42,680.53,296.36,682.13,295.82,675.2,###
