55.33,9.33,55.33,61.33,203.33,61.33,203.33,9.33,珍妮斯
52.67,65.33,52.67,81.33,210.0,81.33,210.0,65.33,ZHENNISE
608.67,4.0,608.67,124.0,746.0,124.0,746.0,4.0,年货节
754.0,29.33,754.0,97.33,791.33,97.33,791.33,29.33,天猫
338.0,197.33,339.33,218.67,430.0,226.67,430.0,202.67,珍妮斯
426.0,238.67,426.0,218.67,339.33,218.67,339.33,232.0,ZHENNISE
435.33,204.0,435.33,224.0,484.67,224.0,484.67,204.0,8809
38.0,354.67,38.0,425.33,399.33,425.33,399.33,354.67,一年坏换新
27.33,436.0,27.33,525.33,403.33,525.33,403.33,436.0,千万好评
687.33,501.33,687.33,549.33,774.0,549.33,774.0,501.33,包邮
599.33,614.67,599.33,742.67,760.67,742.67,760.67,614.67,19
