58.03,28.84,58.03,35.93,100.34,35.93,100.34,28.84,SYSTEMS
58.03,40.65,57.55,50.82,201.74,50.82,201.74,39.95,ANALYSISANDDESIGN
83.55,62.16,83.55,54.36,201.5,54.36,201.5,62.16,INACHANGINGWORLD
164.39,224.55,164.39,219.82,201.03,219.82,201.03,224.55,###
5.79,246.53,5.79,220.76,19.26,220.76,19.26,246.53,QQ:
5.79,209.18,5.79,130.0,19.26,130.0,19.26,209.18,598929164
33.92,227.15,33.92,157.18,50.7,157.18,50.7,227.15,原版高清
110.26,84.85,109.79,78.47,143.12,78.95,143.83,85.33,###
151.63,85.8,151.63,78.24,177.63,78.24,176.92,84.85,###
185.66,84.85,185.66,78.0,201.74,78.0,201.74,84.85,Bord
