65.4,111.6,65.4,139.2,97.8,139.2,97.8,111.6,24
101.4,116.4,101.4,141.6,145.8,141.6,147.0,115.2,小时
64.2,140.4,64.2,175.2,130.2,175.2,129.0,140.4,发货
306.6,152.4,309.32,166.15,345.32,178.34,346.98,158.95,SEASO
412.89,157.85,412.89,175.57,450.55,172.25,451.11,154.52,SEASO
242.31,342.28,237.0,360.0,290.25,353.7,288.6,336.0,###
468.6,344.4,468.83,362.77,511.65,371.7,505.94,352.8,SEASO
205.8,456.0,209.08,487.94,249.51,481.85,247.29,457.48,2002
227.4,499.2,227.4,542.4,541.8,542.4,541.8,499.2,正品女装旗舰店
368.55,340.2,367.65,352.8,415.66,350.58,415.11,340.06,OCHON
179.55,582.3,180.83,595.38,199.11,596.49,195.78,583.2,SEASO
251.55,564.3,251.55,577.8,283.85,578.77,283.85,566.03,SEASO
430.62,572.12,426.18,583.75,459.97,600.92,461.08,589.85,SEASO
507.15,472.5,507.15,502.2,536.85,502.2,534.15,474.3,SIN
386.55,557.1,389.63,569.91,418.43,576.0,418.98,563.82,WINO
366.75,591.3,365.85,576.9,386.31,556.62,385.2,567.69,###
297.45,675.9,300.15,689.4,334.35,702.0,334.35,693.9,###
338.85,689.4,337.95,701.1,371.25,689.4,372.15,675.0,###
381.15,642.6,382.05,655.2,422.55,656.1,422.55,644.4,###
245.25,280.8,255.15,289.8,323.55,297.9,324.45,272.7,###
436.05,278.1,436.05,298.8,477.45,298.8,478.35,288.0,###
75.6,563.66,75.6,597.6,138.34,597.6,138.34,563.66,拍摄
74.57,532.8,74.57,563.66,137.31,563.66,137.31,532.8,实物
75.6,314.74,75.6,345.6,137.31,345.6,137.31,314.74,正品
74.57,345.6,74.57,380.57,137.31,380.57,137.31,345.6,保障
324.51,276.69,324.51,300.34,380.06,306.51,378.0,280.8,SINCE
384.17,281.83,384.17,303.43,432.51,303.43,432.51,281.83,2002
285.43,450.51,287.72,477.42,324.51,489.6,323.72,453.6,SINCE
327.05,456.37,326.57,488.57,368.03,482.95,369.77,452.57,2002
379.03,443.31,379.03,474.17,423.26,475.2,424.29,446.4,SINCE
427.37,449.49,423.26,482.4,467.49,493.71,473.66,466.97,2002
410.12,54.83,409.02,59.82,435.05,60.37,435.6,55.94,###
348.65,156.74,348.65,175.02,396.83,175.02,396.83,156.74,NWINO
453.32,154.52,451.66,174.46,483.78,177.78,486.55,160.62,NWIN
418.98,338.95,419.54,351.69,454.98,355.57,454.98,338.95,WINO
201.32,471.32,199.11,486.28,207.97,487.38,206.86,467.45,###
198.0,582.65,199.66,597.6,239.54,579.88,237.32,569.35,NWINO
286.06,566.58,284.95,580.98,308.77,594.28,307.11,578.77,NWINO
462.74,590.4,461.08,605.91,502.06,609.23,503.17,599.26,NWINO
217.94,587.63,217.94,587.08,218.49,587.08,218.49,587.63,###
