13.97,129.54,13.97,182.88,262.89,182.88,262.89,129.54,已有售出
85.09,203.2,62.23,226.06,110.49,256.54,123.19,231.14,es
125.73,223.52,125.73,259.08,143.51,259.08,143.51,223.52,t
196.85,213.36,217.17,241.3,161.29,261.62,176.53,238.76,ne
128.27,58.42,143.51,81.28,90.17,111.76,74.93,83.82,be
143.51,58.42,140.97,88.9,184.15,104.14,207.01,81.28,be
994.41,25.4,994.41,91.44,306.07,91.44,306.07,25.4,Mr&MrsItaly奢华皮草
1512.57,144.78,1512.57,213.36,603.25,213.36,603.25,144.78,没有名媛背景也能穿出名媛气质
788.67,746.76,788.67,805.18,1151.89,805.18,1151.89,746.76,伍薇巴黎代购
852.17,977.9,852.17,1008.38,910.59,1008.38,910.59,977.9,晃悠
1238.25,1016.0,1238.25,1054.1,1296.67,1054.1,1296.67,1016.0,晃悠
1367.79,1170.94,1367.79,1198.88,1464.31,1198.88,1464.31,1170.94,###
1403.35,1150.62,1403.35,1170.94,1433.83,1170.94,1433.83,1150.62,###
869.95,1292.86,869.95,1328.42,1248.41,1328.42,1248.41,1292.86,伍薇巴黎欧洲代你浪漫淘宝
869.95,1361.44,869.95,1394.46,1172.21,1394.46,1172.21,1361.44,最便宜最真货最新潮
867.41,1427.48,867.41,1463.04,1027.43,1463.04,1027.43,1427.48,最贴心服务
