127.33,686.67,127.33,717.33,39.33,717.33,39.33,686.67,###
410.0,689.33,410.0,716.0,142.0,716.0,142.0,689.33,YouSoMuch
40.67,597.33,40.67,640.0,160.67,640.0,160.67,597.33,我喜歡你
166.0,612.0,166.0,642.67,262.0,642.67,262.0,612.0,我喜歡你
263.33,624.0,263.33,638.67,410.0,638.67,410.0,624.0,LoveYouSoMu
170.0,592.0,170.0,610.67,412.67,610.67,412.67,592.0,LoveYouSoMuc
42.0,581.33,42.0,593.33,171.33,593.33,171.33,581.33,veYouSoMuch
219.33,514.67,219.33,577.33,412.67,577.33,412.67,514.67,我喜歡你
42.0,560.0,42.0,576.0,216.67,576.0,216.67,560.0,veYouSoMuch
42.0,532.0,42.0,549.33,215.33,549.33,215.33,532.0,veYouSoMuch
40.67,485.33,40.67,526.67,138.0,526.67,138.0,485.33,喜歡你
142.0,490.67,142.0,512.0,411.33,512.0,411.33,490.67,LoveYouSoMuc
40.67,448.0,40.67,477.33,412.67,477.33,412.67,448.0,oveYouSoMuch
95.33,309.33,95.33,317.33,104.67,317.33,104.67,309.33,###
112.67,317.33,112.67,326.67,95.33,326.67,95.33,317.33,###
266.0,253.33,266.0,266.67,414.0,266.67,414.0,253.33,LoveYouSoMu
167.33,241.33,167.33,272.0,190.0,272.0,190.0,241.33,我
39.33,226.67,39.33,272.0,163.33,272.0,163.33,226.67,我喜歡你
170.0,212.0,170.0,240.0,184.67,240.0,184.67,212.0,L
266.0,218.67,266.0,241.33,412.67,241.33,412.67,218.67,ouSoMuc
416.67,144.0,416.67,208.0,219.33,208.0,218.0,145.33,我喜歡你
39.33,161.33,39.33,178.67,195.33,178.67,195.33,161.33,veYouSoMu
43.33,189.33,43.33,206.67,215.33,206.67,215.33,189.33,veYouSoMuch
44.67,212.0,44.67,224.0,170.0,224.0,170.0,212.0,eYouSoMuch
39.33,117.33,39.33,156.0,138.0,156.0,138.0,117.33,喜歡你
144.67,121.33,144.67,141.33,191.33,141.33,191.33,121.33,Lo
299.33,121.33,299.33,141.33,415.33,141.33,415.33,121.33,SoMuc
36.67,78.67,36.67,106.67,415.33,106.67,415.33,78.67,oveYouSoMuch
40.67,306.67,40.67,432.0,415.33,432.0,415.33,306.67,我喜歡你
783.33,213.33,783.33,269.33,452.67,269.33,452.67,213.33,彩绘手机壳
758.0,296.0,758.0,342.67,462.0,342.67,462.0,296.0,全网人气冠军
748.67,376.0,748.67,441.33,471.33,441.33,471.33,376.0,全场包邮
754.0,464.0,754.0,517.33,590.0,517.33,590.0,464.0,小礼物
558.0,468.0,558.0,518.67,502.0,518.67,502.0,468.0,送
532.67,682.67,532.67,582.67,683.33,581.33,667.33,682.67,9.9
672.67,682.67,672.67,637.33,722.0,637.33,722.0,682.67,元
544.67,697.33,544.67,736.0,695.33,736.0,695.33,697.33,点我进入
780.67,102.67,788.67,136.0,559.33,176.0,555.33,134.67,华为MATES
784.67,5.33,791.33,60.0,456.67,132.0,450.0,81.33,原点数码广场
39.33,641.33,39.33,672.0,411.33,672.0,411.33,641.33,喜歡你LoveYouSoMuch我喜歡
40.67,273.33,40.67,302.67,415.33,302.67,415.33,273.33,喜歡你LoveYouSoMuch我喜歡
