71.14,438.39,69.69,458.61,294.31,459.33,294.31,434.78,aumiga.taobao.com
440.19,442.0,440.19,457.17,541.31,457.17,541.31,442.0,ONE-A-DAY
440.92,401.56,440.92,417.44,536.25,417.44,536.25,401.56,THOMPSPNS
473.42,420.33,473.42,429.0,504.47,429.0,504.47,420.33,Est1951
421.42,459.33,425.03,478.83,559.36,478.83,559.36,459.33,VITEX1000
451.03,501.22,451.03,509.17,528.31,509.17,528.31,501.22,HeipsredevePMSand
437.31,510.61,437.31,517.83,540.58,517.11,540.58,509.89,regunatethemonstrualcycie
437.31,525.78,437.31,533.0,544.92,533.0,544.92,525.78,###
449.58,540.94,449.58,548.17,530.47,548.17,529.75,540.22,WOMEN'SHEALTH
406.97,552.5,406.97,560.44,440.92,560.44,440.92,552.5,###
461.86,551.78,461.86,560.44,514.58,560.44,514.58,551.78,###
533.36,549.61,533.36,559.72,572.36,559.72,572.36,549.61,60CAPSULES
60.31,300.44,64.64,333.67,297.19,328.61,295.03,294.67,非激素·无副作用
58.14,218.83,58.14,257.83,313.81,248.44,311.64,211.61,多囊卵巢综合症
56.69,140.83,55.25,176.22,274.08,174.78,274.08,138.67,缓解经前不适
59.58,54.89,58.14,88.83,392.53,98.22,393.97,62.83,调节内分泌·平衡荷尔蒙
86.31,462.22,82.69,511.33,293.58,530.11,298.64,475.22,两件包邮
331.14,438.39,331.14,464.39,557.92,464.39,557.92,438.39,###
