381.79,9.8,381.79,33.48,479.79,33.48,479.79,9.8,实物拍摄
381.79,36.75,381.79,60.43,480.61,60.43,480.61,36.75,请勿盗图
126.17,115.97,135.97,145.37,58.39,169.05,49.41,144.55,You
138.43,160.07,145.78,187.83,66.56,215.6,58.39,188.65,are
172.72,179.67,185.79,222.13,84.52,258.88,72.28,230.3,only！
202.13,193.55,211.11,222.95,184.97,229.48,176.81,202.53,望
151.49,222.95,143.32,245.0,172.72,258.07,184.97,231.12,愿
236.42,201.72,257.66,219.68,238.06,242.55,216.82,220.5,林
261.74,198.45,262.56,226.22,286.24,223.77,283.79,195.18,周
318.91,207.43,336.06,225.4,310.74,247.45,297.68,221.32,边
344.22,254.8,344.22,276.85,313.19,276.85,311.56,249.9,店
309.93,282.57,293.59,298.9,314.01,319.32,329.52,302.98,出
282.98,302.17,262.56,321.77,285.43,334.83,296.04,326.67,品
186.61,297.27,172.72,276.03,160.47,280.93,176.81,304.62,###
218.46,317.68,210.29,328.3,236.42,350.35,244.59,342.18,###
192.32,297.27,183.34,310.33,207.84,322.58,211.11,311.97,###
336.88,301.35,336.88,358.52,464.27,358.52,464.27,301.35,左溢
360.56,245.82,360.56,294.0,379.34,294.0,379.34,245.82,I
