15.46,412.6,15.46,454.89,243.26,454.89,243.26,412.6,海信专卖店
254.99,417.93,254.99,449.21,457.91,449.21,457.91,417.93,支持售后验证
221.58,370.67,221.58,377.06,283.42,371.38,283.06,364.27,100%实物拍摄
289.46,363.2,289.46,370.31,325.0,367.11,324.29,359.65,盗图必究
257.12,335.84,257.12,344.01,405.32,344.01,405.32,335.84,青岛海信通信有限公司
230.11,353.96,228.69,364.62,305.1,355.74,304.74,346.5,###
283.06,323.04,283.06,330.51,373.69,330.51,373.69,323.04,H562BWKAO90013705
254.99,301.01,254.99,310.61,292.66,310.61,292.66,301.01,款号：12C
236.15,285.37,236.15,292.13,292.3,292.13,292.3,285.37,###
235.8,276.49,235.8,283.95,286.26,283.95,286.26,276.49,###
235.44,266.89,235.44,274.0,279.51,274.0,279.51,266.89,###
334.24,286.44,334.24,291.06,420.6,291.06,420.6,286.44,###
333.53,278.27,333.53,283.24,397.14,283.24,397.14,278.27,###
333.53,269.03,333.53,273.29,399.63,273.29,399.63,269.03,###
332.82,255.17,332.82,264.76,378.31,264.76,378.31,255.17,CAUTION
250.72,255.88,250.72,266.18,270.98,266.18,270.98,255.88,警告：
233.67,240.24,233.67,246.99,319.67,246.99,319.67,240.24,###
328.2,240.24,327.84,246.64,423.09,245.22,423.09,239.17,###
232.95,229.93,232.95,236.69,331.04,236.69,331.04,229.93,###
231.89,218.92,231.89,226.02,337.79,226.02,337.79,218.92,###
232.95,207.9,232.95,215.72,289.82,215.72,289.82,207.9,###
231.53,194.75,231.53,201.86,326.42,201.86,326.42,194.75,###
232.24,182.31,232.24,190.49,303.68,190.49,303.68,182.31,###
231.53,172.01,231.53,180.18,282.71,180.18,282.71,172.01,###
310.78,181.96,310.78,189.42,342.77,189.42,342.77,181.96,###
356.27,180.89,356.27,188.0,423.44,188.0,423.44,180.89,###
346.68,191.91,348.45,199.02,423.44,197.95,423.44,191.91,###
231.53,149.26,231.53,161.34,309.36,161.34,309.36,149.26,Hisense
313.27,147.84,313.27,160.63,348.45,160.63,348.45,147.84,海信
15.81,286.08,15.81,328.73,196.71,328.73,196.71,286.08,终生包换
10.48,200.08,10.48,244.15,194.57,244.15,194.57,200.08,全国包邮
2.31,7.11,2.31,43.71,192.8,43.71,192.8,7.11,全网最低价
230.47,8.88,230.47,43.0,458.98,43.0,458.98,8.88,买两块送座充
