645.75,844.5,645.75,888.0,890.25,888.0,890.25,844.5,123456项爷
239.25,393.0,239.25,661.5,293.25,658.5,293.25,393.0,FAUNCE
129.75,169.5,129.75,178.5,306.75,178.5,306.75,169.5,###
138.75,199.5,138.75,210.0,308.25,210.0,308.25,199.5,###
66.75,228.0,66.75,238.5,306.75,238.5,306.75,228.0,###
143.25,102.0,143.25,118.5,306.75,118.5,306.75,102.0,更爱时尚休闲的帆布包
209.25,70.5,209.25,88.5,309.75,88.5,309.75,70.5,爱无伙的生活
66.75,439.5,66.75,477.0,410.25,477.0,410.25,439.5,###
450.75,441.0,450.75,475.5,830.25,475.5,830.25,441.0,###
311.25,42.0,311.25,60.0,201.75,60.0,201.75,42.0,爱斌鞋爱生活
237.75,685.5,237.75,820.5,291.75,820.5,291.75,685.5,BAG
