49.79,711.65,49.79,738.32,170.68,738.32,170.68,711.65,原装进口·
176.01,711.65,176.01,739.2,339.57,739.2,339.57,711.65,脆弱受损发质
61.34,517.87,61.34,596.98,81.79,596.98,81.79,517.87,原装压头
191.12,500.09,191.12,596.98,289.79,596.98,289.79,500.09,送
29.34,313.59,29.34,348.26,266.68,348.26,266.68,313.59,强韧/亮泽/活力
30.23,253.14,30.23,281.59,272.01,281.59,272.01,253.14,卡诗双重强化护发素
290.68,258.48,290.68,278.92,383.12,278.92,383.12,258.48,1000ml
21.34,170.64,21.34,232.86,380.45,232.86,380.45,170.64,恢复秀发活力
24.9,95.08,24.9,162.64,381.34,162.64,381.34,95.08,发丝内强韧
457.79,671.65,460.45,684.98,489.79,692.09,490.68,678.76,1000ml
546.68,684.98,546.68,693.87,576.01,694.76,576.9,685.87,PARIS
637.34,676.98,637.34,692.09,671.12,689.43,669.34,676.98,34.fl.oz
525.34,666.32,525.34,681.43,600.9,681.43,600.9,666.32,LOREAL
508.45,652.98,508.45,662.76,616.9,662.76,616.9,652.98,RECHERCHEAVANCEE
545.79,636.98,546.68,647.65,577.79,648.54,577.79,636.98,TREAT
488.01,620.09,489.79,629.87,640.01,631.65,640.01,623.65,FORPROFESSIONALUSEONLY
640.9,620.09,638.23,609.43,488.01,605.87,486.23,616.54,RESERVEALUSAGEPROFESSIONNEL
543.12,593.43,544.01,604.98,582.23,604.98,582.23,595.2,TRATTER
514.68,572.98,514.68,583.65,614.23,583.65,611.57,573.87,ARINCEP-RINSE-OUT
579.57,525.87,579.57,541.87,590.23,541.87,590.23,525.87,3
605.34,524.98,606.23,539.2,615.12,541.87,615.12,524.98,4
501.34,549.87,501.34,562.32,570.68,562.32,570.68,549.87,EROSION
579.57,551.65,579.57,561.43,625.79,561.43,624.9,551.65,LEVEL
502.23,503.65,502.23,515.2,552.01,515.2,552.01,503.65,ETATD
560.9,505.43,560.9,515.2,625.79,515.2,625.79,505.43,EROSION
512.01,516.09,512.01,549.87,568.01,549.87,568.01,516.09,[12]
468.45,480.62,469.34,491.29,660.45,493.06,658.68,484.17,Weakeneddamagedlengthsandends
475.57,465.51,472.9,475.29,514.68,477.95,520.01,469.06,Repainring
522.68,470.84,524.45,478.84,655.12,479.73,655.12,469.06,anti-breakagetratment
457.79,453.06,456.9,461.06,512.01,463.73,511.12,454.84,Longueurset
512.9,455.73,513.79,465.51,673.79,463.73,673.79,455.73,pointesabimees.endommagees
635.57,451.29,633.79,442.4,493.34,437.95,495.12,448.62,Soinreparateuranti-casse
504.01,403.29,504.01,415.73,632.01,415.73,632.01,403.29,ITA-CIMNTADVANCE
475.57,377.51,476.45,395.29,656.01,396.17,656.01,377.51,CIMENTANTI-USURE
467.57,267.37,467.57,286.03,664.01,286.03,664.01,267.37,RESTSTANCE
468.45,226.48,468.45,264.7,666.68,264.7,666.68,226.48,KERASTASE
680.01,0.78,651.57,26.56,768.9,145.67,792.01,114.56,企业正品
