106.0,89.33,122.0,105.33,80.67,150.67,62.0,134.67,OVE
166.0,57.33,170.0,81.33,120.67,108.0,104.67,85.33,RSE
171.33,57.33,171.33,80.0,208.67,80.0,208.67,57.33,AS
223.33,57.33,218.0,80.0,254.0,88.0,262.0,66.67,SH
267.33,72.0,254.0,90.67,286.0,110.67,303.33,93.33,OP
306.0,97.33,287.33,116.0,304.67,133.33,324.67,120.0,###
326.0,122.67,300.67,133.33,320.67,168.0,344.67,162.67,PING
332.67,233.33,308.67,284.0,328.67,289.33,350.0,240.0,100%
132.67,237.33,132.67,273.33,271.33,273.33,271.33,237.33,嫩苗母婴
318.0,297.33,286.0,321.33,279.33,308.0,304.67,286.67,gen
247.33,340.0,243.33,329.33,279.33,309.33,290.0,322.67,uine
198.0,336.0,198.0,352.0,242.0,344.0,238.0,330.67,saie
160.67,330.67,159.33,345.33,198.0,349.33,202.0,337.33,gua
144.67,322.67,139.33,338.67,158.0,342.67,164.67,330.67,rd
104.67,296.0,92.67,308.0,123.33,334.67,136.67,321.33,Ove
83.33,274.67,71.33,284.0,95.33,312.0,104.67,296.0,rse
76.67,254.67,59.33,261.33,70.0,280.0,87.33,276.0,as
654.0,61.33,654.0,129.33,772.67,129.33,772.67,61.33,精品
531.33,66.67,531.33,121.33,651.33,121.33,651.33,66.67,只做
514.0,70.67,526.0,133.33,414.0,162.67,398.0,93.33,我们
656.67,212.0,656.67,284.0,707.33,284.0,707.33,212.0,6
712.67,229.33,712.67,286.67,771.33,286.67,771.33,229.33,件
562.0,462.67,562.0,478.67,672.67,478.67,672.67,462.67,Pronutra+
683.33,472.0,683.33,480.0,672.67,480.0,672.67,472.0,###
535.33,464.0,535.33,476.0,556.67,476.0,556.67,464.0,met
676.67,406.67,676.67,452.0,551.33,448.0,551.33,406.67,ilon
420.67,390.67,422.0,432.0,552.67,448.0,550.0,406.67,Nutr
419.33,352.0,419.33,368.0,510.0,380.0,510.0,366.67,NUTRICIA
532.67,597.33,532.67,616.0,680.67,616.0,680.67,597.33,###
699.33,577.33,699.33,597.33,720.67,597.33,720.67,577.33,m
534.0,617.33,534.0,632.0,651.33,632.0,651.33,617.33,###
658.0,620.0,658.0,632.0,767.33,632.0,767.33,620.0,###
424.67,657.33,424.67,673.33,540.67,692.0,542.0,676.0,Peutermelk
603.33,640.0,603.33,732.0,668.67,732.0,668.67,640.0,5
507.33,530.67,507.33,540.0,575.33,546.67,576.67,537.33,###
510.0,545.33,510.0,554.67,575.33,561.33,574.0,552.0,###
583.33,566.67,583.33,576.0,500.67,568.0,500.67,560.0,###
515.33,576.0,515.33,585.33,568.67,592.0,568.67,578.67,###
44.67,586.67,44.67,629.33,364.67,629.33,364.67,586.67,连续6年高端服务
27.33,641.33,27.33,681.33,384.67,681.33,384.67,641.33,坚持我们的责任与承诺
43.33,705.33,43.33,741.33,195.33,741.33,195.33,705.33,海外正品
218.0,706.67,218.0,738.67,363.33,738.67,363.33,706.67,极速空运
634.0,744.0,634.0,742.67,634.0,742.67,634.0,744.0,Vanaf2
599.33,740.0,599.33,752.0,675.33,752.0,675.33,740.0,Vanaf2jear
24.67,464.0,24.67,529.33,384.67,529.33,384.67,464.0,海外仓储直营
47.33,208.0,58.0,253.33,71.33,253.33,62.0,209.33,local
