316.67,29.33,316.67,114.67,28.67,114.67,28.67,36.0,正品包邮
554.0,34.67,554.0,114.67,378.0,114.67,378.0,34.67,买2送1
784.67,36.0,784.67,114.67,600.67,114.67,600.67,36.0,买3送2
542.0,170.67,542.0,201.33,382.0,201.33,382.0,170.67,FROMHERE
576.67,206.67,576.67,236.0,380.67,236.0,380.67,206.67,HEALTHYEARS
523.33,252.0,523.33,300.0,382.0,300.0,382.0,252.0,耳鸣痒康
588.67,277.33,588.67,298.67,526.0,298.67,526.0,277.33,皮肤抑菌液
588.67,309.33,588.67,324.0,422.0,324.0,422.0,309.33,Iinnitusitchkangeardrops
587.33,326.67,587.33,342.67,423.33,342.67,423.33,326.67,###
424.67,358.67,424.67,373.33,572.67,373.33,572.67,358.67,###
435.33,410.67,435.33,421.33,580.67,421.33,580.67,410.67,###
364.67,506.67,364.67,538.67,542.0,538.67,542.0,506.67,在线美体坊
611.33,569.33,611.33,598.67,643.33,598.67,643.33,569.33,检
307.33,562.67,307.33,605.33,436.67,605.33,436.67,562.67,耳鸣痒康
442.0,590.67,442.0,605.33,492.67,605.33,492.67,590.67,皮肤抑菌液
304.67,526.67,304.67,544.0,360.67,544.0,360.67,526.67,###
310.0,610.67,310.0,621.33,464.67,621.33,464.67,610.67,Iinnitusitchkangeardrops
488.67,626.67,488.67,640.0,310.0,640.0,310.0,626.67,###
478.0,642.67,478.0,654.67,310.0,654.67,310.0,642.67,###
470.0,656.0,470.0,668.0,310.0,668.0,310.0,656.0,###
186.0,593.33,186.0,620.0,214.0,620.0,214.0,593.33,检
227.33,529.33,227.33,542.67,246.0,542.67,246.0,529.33,###
211.33,513.33,211.33,521.33,276.67,521.33,276.67,513.33,###
214.0,480.0,214.0,486.67,251.33,486.67,251.33,480.0,###
260.67,481.33,260.67,485.33,296.67,485.33,296.67,481.33,###
322.0,465.33,322.0,474.67,432.67,474.67,432.67,465.33,###
484.67,466.67,484.67,474.67,436.67,474.67,436.67,466.67,###
236.67,148.0,248.67,150.67,222.0,178.67,218.0,170.67,###
322.0,696.0,322.0,770.67,4.67,770.67,4.67,696.0,买10送7
791.33,710.67,791.33,781.33,391.33,781.33,391.33,710.67,二盒以上送棉签
423.33,344.0,423.33,357.33,578.0,357.33,578.0,344.0,###
