40.67,704.0,40.67,758.67,764.67,758.67,764.67,704.0,三盒送一片小公主全店正品
295.33,586.67,299.33,609.33,198.0,622.67,196.67,601.33,MAINING
314.0,636.0,316.67,648.0,196.67,662.67,196.67,649.33,花颜净透极效补水隐形面膜
366.0,641.33,367.33,649.33,183.33,672.0,167.33,669.33,###
338.0,652.0,338.0,660.0,230.0,672.0,212.67,669.33,###
400.67,648.0,400.67,657.33,436.67,657.33,436.67,649.33,###
466.0,654.67,464.67,664.0,504.67,669.33,506.0,661.33,###
547.33,602.67,547.33,614.67,570.5,615.0,567.33,602.67,面膜
543.33,616.0,542.0,625.33,635.33,633.33,634.0,624.0,###
600.67,637.33,602.0,630.67,544.67,626.67,542.0,633.33,###
698.0,48.0,694.0,168.0,67.33,257.33,76.67,137.33,三盒就够了！
368.67,5.33,371.33,89.33,54.0,137.33,55.33,52.0,美白保湿
134.0,302.67,155.33,358.67,50.0,405.33,24.67,352.0,镇店
162.0,364.0,187.33,417.33,80.67,466.67,60.67,416.0,王牌
555.33,544.0,555.33,564.0,563.33,564.0,563.33,544.0,###
232.5,633.0,233.5,619.0,270.5,614.0,271.5,629.0,曼寧?
