185.61,712.48,184.81,722.08,206.41,722.08,206.41,711.68,The
210.41,712.48,209.61,719.68,275.21,709.28,273.61,700.48,###
225.61,686.88,224.01,701.28,236.01,701.28,237.61,686.88,原
224.81,536.48,224.81,598.88,285.61,598.88,285.61,536.48,赠
216.01,497.28,216.01,526.88,265.61,526.88,265.61,497.28,WI
332.01,674.88,330.41,680.48,377.61,680.48,377.61,675.68,###
342.41,667.68,343.21,673.28,364.81,674.88,366.41,667.68,###
312.81,657.28,313.61,663.68,350.41,666.88,351.21,662.88,###
353.61,662.88,352.81,667.68,396.81,664.48,396.01,658.88,###
288.81,638.88,288.01,647.68,341.61,660.48,344.01,653.28,###
346.41,653.28,345.61,658.88,424.01,648.48,421.61,642.08,###
302.41,571.68,302.41,578.88,375.21,584.48,374.41,576.48,###
376.01,574.88,376.81,582.88,418.41,576.48,417.61,570.08,###
305.61,439.68,305.61,466.08,402.41,466.08,402.41,439.68,JULIE
73.61,682.08,72.81,690.88,99.21,715.68,99.21,702.88,###
65.61,665.28,65.61,674.08,99.21,698.88,99.21,692.48,###
212.01,309.43,212.01,326.23,284.01,327.83,284.81,313.43,高品质进口
285.61,314.23,285.61,330.23,296.01,330.23,296.01,314.23,###
265.61,496.48,265.61,525.28,276.01,525.28,276.01,496.48,###
498.41,674.08,498.41,680.48,540.81,680.48,540.81,674.08,###
506.41,668.48,506.41,674.88,530.41,674.88,530.41,668.48,###
477.61,658.08,476.81,662.88,522.41,670.08,521.61,662.88,###
521.61,662.88,521.61,668.48,561.61,664.48,560.81,658.88,###
452.81,640.48,449.61,645.28,511.21,658.88,511.21,652.48,###
512.81,652.48,513.61,659.68,586.41,648.48,587.21,641.28,###
456.01,569.28,456.01,576.48,528.81,583.68,528.81,576.48,###
528.81,576.48,528.81,583.68,584.01,577.28,583.21,570.08,###
470.41,439.68,470.41,464.48,566.41,464.48,566.41,439.68,JULIE
598.41,709.28,597.61,721.28,606.41,721.28,606.41,708.48,d
169.61,295.83,176.81,309.43,209.61,295.03,204.81,281.43,High
212.01,283.03,212.81,292.63,260.01,287.03,260.01,279.03,gualits
266.41,277.43,266.41,288.63,315.21,295.83,316.01,286.23,importe
321.61,112.85,321.61,122.45,381.61,121.65,381.61,113.65,###
486.41,116.05,484.81,121.65,545.61,120.85,545.61,114.45,###
427.21,310.3,433.61,323.9,465.61,307.9,460.81,294.3,High
464.81,292.7,469.61,307.1,483.21,300.7,480.81,288.7,###
552.81,280.7,552.01,292.7,592.01,296.7,592.81,287.1,orted
597.61,287.1,596.01,299.1,629.61,314.3,632.81,301.5,wine
682.41,655.68,684.01,665.28,738.41,634.08,737.61,626.08,###
693.61,661.28,696.01,674.08,728.81,652.48,728.01,640.48,###
729.61,7.39,729.61,36.19,784.81,36.19,784.81,7.39,中秋
728.81,40.99,728.81,72.19,789.61,72.19,789.61,40.99,必备
52.01,62.59,52.01,96.99,297.61,96.99,297.61,62.59,朱莉干红礼盒装
47.21,7.39,47.21,51.39,323.21,51.39,323.21,7.39,法国原装进口
595.21,692.48,595.21,702.08,604.01,702.08,604.01,692.48,###
575.43,315.43,583.43,332.57,591.43,333.71,591.43,315.43,###
