262.87,95.73,262.87,50.26,506.99,50.26,506.99,95.73,绿帮初生号
551.66,96.53,551.66,51.06,713.61,51.06,713.61,96.53,NB86片
96.93,178.7,96.93,152.38,157.56,152.38,157.56,178.7,新设计
116.87,140.41,117.67,131.63,207.02,129.24,207.82,137.22,###
25.49,97.65,22.74,37.5,79.34,38.05,78.62,94.78,惊
108.1,315.12,108.1,267.26,353.81,267.26,353.81,315.12,Pampers
107.3,368.57,107.3,326.29,382.53,326.29,382.53,368.57,帮宝适超薄干爽
335.47,402.88,335.47,391.71,380.94,391.71,380.94,402.88,###
329.08,416.44,329.08,402.88,392.91,402.88,392.91,416.44,###
112.09,516.96,106.5,506.59,139.21,482.66,144.8,494.62,专为新生
184.69,512.97,157.56,481.06,142.4,488.24,170.33,517.76,宝宝设计
126.45,530.52,126.45,501.8,162.35,501.8,162.35,530.52,NB
132.03,540.1,132.03,531.32,155.97,531.32,155.97,540.1,###
123.26,549.67,123.26,540.89,162.35,540.89,162.35,549.67,###
212.61,529.72,212.61,508.98,240.53,508.98,240.53,529.72,86
221.38,548.07,221.38,533.71,233.35,533.71,233.35,548.07,片
199.05,574.4,199.05,560.04,254.09,560.04,254.09,574.4,婴儿纸尿裤
263.67,513.77,263.67,500.21,305.95,500.21,305.95,513.77,神奇锁水
262.87,525.74,262.87,513.77,285.21,513.77,285.21,525.74,###
364.19,551.26,357.01,543.29,373.76,532.92,378.55,543.29,###
326.69,544.88,331.48,534.51,360.2,543.29,357.01,552.86,###
410.46,554.46,408.06,544.88,432.79,535.31,432.79,546.48,###
376.95,533.71,381.74,522.54,408.86,543.29,400.88,552.06,###
88.95,720.39,88.95,648.59,407.27,648.59,407.27,720.39,全国26省
486.25,718.8,486.25,650.99,630.64,650.99,630.64,718.8,包邮
246.63,127.09,246.63,132.11,354.33,132.11,354.33,127.09,###
547.48,605.99,547.48,612.45,605.63,612.45,605.63,605.99,###
78.62,63.18,78.62,112.73,122.42,112.73,122.42,63.18,爆
