235.33,277.33,232.67,298.67,182.0,317.33,183.33,290.67,com
244.67,273.33,236.67,302.67,263.33,306.67,278.0,286.67,for
282.0,282.67,274.0,304.0,340.67,344.0,348.67,326.67,table
294.0,334.67,288.67,357.33,208.67,345.33,218.0,324.0,Sweet
183.33,352.0,170.0,374.67,232.67,390.67,243.33,369.33,bam
244.67,374.67,244.67,393.33,308.67,393.33,312.67,372.0,ukn
447.33,372.0,446.0,400.0,520.67,424.0,522.0,400.0,###
560.67,390.67,567.33,418.67,523.33,426.67,524.67,400.0,kn
462.0,346.67,462.0,370.67,535.33,384.0,540.67,362.67,Sweet
474.0,298.67,472.67,322.67,430.0,338.67,432.67,313.33,###
479.33,308.0,472.67,326.67,516.67,334.67,524.67,316.0,for
527.33,314.67,519.33,336.0,579.33,380.0,591.33,361.33,table
36.67,686.67,36.67,737.33,195.33,737.33,195.33,686.67,明舒琪
600.67,590.67,600.67,632.0,775.33,632.0,775.33,590.67,淘金币价
583.33,648.0,583.33,697.33,614.0,697.33,614.0,648.0,$
731.33,742.67,731.33,630.67,603.33,630.67,603.33,742.67,48
798.0,701.33,798.0,733.33,734.0,733.33,734.0,701.33,包邮
599.33,752.0,599.33,793.33,772.67,793.33,772.67,752.0,仅此一天
546.0,674.67,546.0,734.67,274.0,734.67,274.0,674.67,100%纯棉
567.33,745.33,567.33,793.33,414.0,793.33,414.0,745.33,新品特惠
390.0,746.67,390.0,793.33,247.33,793.33,247.33,746.67,亏大啦！
232.67,756.0,232.67,794.67,0.67,794.67,0.67,756.0,字母简约睡衣
