24.75,47.0,24.75,88.5,308.75,88.5,308.75,47.0,70ML*+托盘
27.25,110.5,27.25,152.0,121.25,152.0,121.25,110.5,装泥
25.75,166.0,25.75,208.0,217.25,208.0,217.25,166.0,不可外带
485.75,101.0,460.25,116.5,531.25,171.5,562.25,162.5,BABY
570.75,168.5,545.25,185.5,624.25,246.5,646.75,231.5,CUPS
589.25,227.0,581.25,233.0,629.75,271.0,636.25,263.5,20z/70ml
424.75,129.0,444.75,146.5,448.25,143.5,429.25,124.5,###
448.75,148.5,471.25,168.5,476.75,165.5,453.75,145.5,###
475.75,171.0,483.75,179.5,491.25,176.5,479.75,167.0,###
488.13,180.42,507.71,198.75,512.29,193.33,492.71,177.92,###
511.46,200.83,519.38,209.58,524.38,205.42,517.29,196.67,###
524.38,211.25,535.63,222.92,541.46,218.75,531.46,206.25,###
539.79,223.75,555.63,238.33,561.88,235.42,546.46,220.42,###
561.46,242.5,577.71,255.83,581.04,250.42,565.21,236.67,###
578.96,257.08,604.38,280.0,609.38,275.83,584.38,253.75,###
608.96,280.42,615.21,289.58,621.88,283.33,615.21,275.0,###
421.46,152.08,463.96,187.08,468.54,182.92,426.46,144.58,###
468.13,189.17,487.71,206.67,492.71,200.83,472.29,184.17,###
491.88,207.5,498.54,215.83,503.13,211.67,495.63,203.75,###
506.46,212.92,502.29,217.5,540.63,249.58,545.21,244.58,###
544.79,251.67,559.38,265.0,563.54,260.83,548.96,247.08,###
561.46,266.67,591.04,292.92,597.29,290.0,568.13,262.5,###
545.21,268.33,571.46,290.0,577.71,285.42,551.88,264.17,###
523.96,249.17,542.29,266.25,547.29,260.83,527.71,244.58,###
487.71,219.58,519.79,246.67,523.96,241.25,494.79,215.83,###
477.29,211.67,485.63,217.92,489.79,215.42,483.96,207.08,###
469.79,204.58,475.21,210.42,479.79,205.83,476.04,200.83,###
423.13,167.5,465.21,202.08,471.04,198.33,429.38,162.92,###
272.29,487.92,280.21,508.75,386.88,457.5,376.46,435.0,贝康母婴店
234.79,539.17,242.29,548.75,435.63,455.42,431.46,444.58,https://cp-beikang.taobao.com
104.01,403.03,100.63,407.08,121.78,429.08,126.12,426.32,###
100.86,395.53,92.17,402.24,97.7,404.61,104.8,397.5,8
83.09,383.29,79.93,388.03,91.38,398.68,97.3,394.74,###
75.99,389.61,70.86,393.16,84.28,406.58,88.62,402.24,###
89.8,404.21,86.25,408.95,92.96,414.87,96.12,410.92,###
98.49,414.08,95.33,418.03,115.07,436.58,119.41,433.03,packoge
64.54,399.87,60.99,404.21,80.72,424.74,86.25,420.79,Entembie
57.83,406.97,53.09,410.13,75.99,434.61,79.93,429.47,indlyvlduels
87.43,422.76,84.28,425.53,88.62,432.63,94.54,429.47,de
96.12,427.89,90.59,435.39,94.54,438.16,100.86,431.84,8
99.28,436.18,95.72,440.92,105.59,450.0,110.33,446.05,cupr
80.72,432.24,77.96,435.79,81.91,441.71,88.62,440.13,de
47.57,416.05,39.28,423.95,79.54,466.18,88.62,457.11,20z/70ml
322.75,680.5,322.75,713.0,570.25,713.0,570.25,680.5,包装尺寸（CM）：
592.75,687.5,592.75,710.5,733.75,710.5,733.75,687.5,24*13*6.5
