115.33,12.0,142.0,40.0,38.0,141.33,12.67,112.0,全球购
178.0,16.0,190.0,30.67,88.67,133.33,78.0,124.0,wzjianjun1105
68.67,126.67,80.67,144.0,36.67,185.33,23.33,164.0,微信：
516.67,21.33,518.0,176.0,758.0,144.0,760.67,46.67,段奶粉
511.33,20.0,511.33,176.0,266.0,142.67,266.0,46.67,美林三
456.67,206.67,456.67,240.0,778.0,240.0,778.0,206.67,10罐意大利直邮包邮
299.33,329.33,299.33,361.33,439.33,361.33,439.33,329.33,原装进口
271.33,446.67,271.33,480.0,411.33,480.0,411.33,446.67,绝对空运
255.33,577.33,255.33,612.0,395.33,612.0,395.33,577.33,欢迎批发
123.33,704.0,123.33,728.0,242.0,728.0,242.0,704.0,金牌卖家
108.67,736.0,108.67,760.0,256.67,760.0,256.67,736.0,宝贝美食坊
330.0,694.67,330.0,734.67,404.67,734.67,404.67,694.67,800
410.0,706.67,410.0,740.0,440.67,740.0,440.67,706.67,克
514.0,505.33,514.0,534.67,550.0,534.67,550.0,505.33,23
526.0,425.33,526.0,457.33,567.33,457.33,567.33,425.33,M
682.0,421.33,682.0,450.67,567.33,450.67,567.33,421.33,ellin
675.33,412.0,675.33,425.33,687.33,425.33,687.33,412.0,?
690.0,328.0,690.0,338.67,552.67,338.67,552.67,328.0,tormulamigliorata'
492.67,329.33,492.4,344.0,544.67,342.67,544.67,329.33,uovo
702.0,522.67,702.0,594.67,739.33,594.67,739.33,522.67,3
698.0,554.67,698.0,578.67,571.33,578.67,571.33,554.67,Crescita
652.67,534.67,652.67,550.67,599.33,550.67,599.33,534.67,Latte
668.29,584.57,669.43,594.86,616.67,596.0,616.67,584.0,LANNO
707.33,640.0,707.33,653.33,674.0,653.33,674.0,640.0,PRECI
706.57,654.86,706.0,665.33,674.0,665.33,674.0,654.67,NUTKI
547.33,540.0,547.33,549.33,516.67,549.33,516.67,540.0,TAZZE
668.67,718.67,668.86,726.86,638.0,728.0,638.0,718.67,FERRO
739.14,730.29,740.67,738.67,638.0,745.33,638.0,736.0,CALCOEVITAMINAD
740.67,745.33,740.29,754.86,638.57,761.14,638.0,750.86,PROTEINEBILANCIATE
481.2,747.2,483.6,755.2,576.67,761.33,575.6,753.6,###
506.0,550.67,506.0,556.0,559.33,556.0,559.33,550.67,###
511.33,558.67,511.33,562.67,554.0,562.67,554.0,558.67,###
38.0,697.33,38.0,748.0,91.33,748.0,91.33,697.33,金
669.0,675.33,666.33,685.33,690.33,690.67,691.0,684.67,###
692.33,682.67,692.33,691.33,708.33,688.67,705.67,680.0,###
661.0,627.33,665.67,632.67,683.0,622.0,679.67,616.0,###
661.0,628.67,650.0,645.14,655.14,648.57,664.33,632.67,###
654.0,649.71,660.29,654.29,668.29,638.29,666.57,634.29,###
667.14,630.29,668.86,637.71,685.43,625.71,682.0,623.43,###
709.43,624.0,716.86,638.86,723.14,638.29,714.57,620.57,###
718.0,640.0,720.86,660.0,726.57,658.86,724.29,639.43,###
600.86,587.43,600.86,595.43,612.29,594.29,611.71,587.43,da
