160.59,441.49,161.33,448.15,228.67,449.63,230.15,441.49,Ohne Farbstoffe.
235.33,440.75,236.07,448.15,301.93,449.63,302.67,442.23,ohne paraffnol.
307.11,440.75,306.37,448.89,392.95,448.15,393.69,442.23,ohne otherische Ole
233.11,440.01,233.11,440.75,233.11,440.75,233.11,440.01,###
173.17,391.91,171.69,399.61,186.49,400.05,186.49,391.91,mit
187.97,391.91,187.97,400.05,207.74,400.15,209.43,391.91,Afoe 
210.91,391.91,210.91,400.79,231.63,400.79,231.63,391.91,Vero. 
235.33,391.17,235.33,400.79,312.29,400.79,312.29,391.17, Baumwoll-Extrokt
211.65,401.53,211.65,411.15,272.33,411.15,272.33,401.53,###
356.28,400.15,356.28,405.53,361.66,407.14,361.13,400.68,O
356.82,407.68,356.82,415.22,361.66,415.22,361.66,407.68,H
356.28,416.29,356.28,421.67,361.13,421.67,361.13,416.29,A
378.35,408.22,378.35,402.84,361.66,402.84,361.66,408.22,###
381.04,414.14,381.04,410.37,361.13,410.37,361.13,414.14,###
395.03,422.75,395.03,417.91,362.74,417.91,362.74,422.75,###
330.99,390.46,330.99,396.92,397.18,396.92,397.18,390.46,Empfohten von:
221.74,347.94,221.74,358.17,264.79,358.17,264.79,347.94,ohne
269.64,346.87,269.64,358.71,330.99,358.71,330.99,346.87,Parfüm
138.32,318.88,138.32,335.56,242.73,335.56,242.73,318.88,sensitive
249.18,317.8,249.18,335.03,413.33,335.03,413.33,317.8,Feuchttücher
222.81,263.99,222.81,281.21,327.76,281.21,327.76,263.99,Bübchen
406.87,241.38,406.87,253.22,447.77,253.22,447.77,241.38,Tücher
412.25,220.39,412.25,238.69,444.01,238.69,444.01,220.39,56
286.32,353.86,286.32,353.86,285.78,353.86,285.78,353.86,###
124.33,232.28,128.63,249.5,160.92,244.12,156.08,225.82,NEU
94.73,196.22,94.73,243.05,447.77,243.05,447.77,196.22,贝贝小巫母婴店
275.56,186.0,274.48,191.38,304.08,189.77,303.0,183.31,###
270.17,169.85,270.17,173.62,311.08,173.62,311.08,169.85,###
159.31,191.38,159.31,198.38,187.29,198.38,187.29,191.38,56
158.77,166.09,158.77,175.77,186.22,175.77,186.22,166.09,56
108.72,186.54,108.72,191.92,187.83,191.92,187.83,186.54,###
124.33,181.69,124.33,187.61,187.83,187.61,187.83,181.69,###
107.64,161.78,107.64,167.16,186.22,167.16,186.22,161.78,###
122.17,157.48,122.17,162.32,186.76,162.32,186.76,157.48,###
516.12,5.27,516.12,339.48,587.7,339.48,587.7,5.27,正品保证
0.54,150.77,33.37,188.74,179.76,43.13,144.78,5.46,德国直邮
183.53,360.32,185.68,363.11,195.37,351.71,191.06,349.02,###
193.75,348.48,194.29,352.79,211.51,353.86,210.97,349.02,###
193.21,364.09,191.6,367.86,206.67,363.01,208.28,359.24,###
186.76,371.08,186.22,374.85,216.36,364.09,215.82,359.24,###
192.68,377.54,191.6,381.85,206.67,381.85,206.13,377.54,###
207.21,375.93,208.28,381.31,216.89,373.24,213.13,370.07,###
