86.18,24.73,86.18,86.55,294.91,86.55,294.91,22.55,闪电发货
750.91,37.09,750.91,51.64,766.18,52.36,766.18,37.09,?
671.64,41.45,671.64,72.73,745.82,72.73,745.82,41.45,D哒D
37.45,189.09,37.45,206.55,94.18,206.55,94.18,189.09,ipad
102.91,183.27,102.91,207.27,169.82,207.27,169.82,183.27,2/3/4
50.55,232.0,50.55,277.09,295.64,277.09,295.64,232.0,钢化玻璃膜
30.91,320.73,30.91,381.09,316.0,381.09,316.0,320.73,第2件半价
46.91,395.64,46.91,457.45,302.18,457.45,302.18,395.64,用坏包赔
57.09,560.73,57.09,639.27,288.36,639.27,288.36,560.73,免费送
53.45,644.36,56.36,704.73,291.27,703.27,286.18,647.27,平板支架
681.54,667.69,681.54,672.62,743.69,674.46,744.31,668.92,###
682.15,657.85,681.54,662.77,744.31,666.46,744.31,660.31,###
681.54,613.54,682.77,620.92,742.46,622.15,740.62,614.77,RafeO1UoTo99% 
681.54,603.69,681.54,611.08,740.62,612.92,741.23,606.77,ughtTransmission
674.77,551.38,674.77,566.15,740.0,568.0,740.0,551.38,teristics 
679.08,376.0,677.85,382.15,749.85,382.15,749.85,374.77,Smoothprotectio
673.54,414.77,673.54,430.77,751.69,430.77,751.69,414.77,TECTOR
677.85,302.15,677.85,354.46,744.92,354.46,744.92,302.15,SS
674.77,268.92,674.15,297.23,742.46,296.62,742.46,268.31,TOR
509.07,248.53,510.13,253.87,524.53,249.6,525.6,244.27,###
430.67,351.47,431.2,354.67,448.8,352.53,447.2,347.73,###
482.93,336.53,481.87,341.87,497.87,336.53,497.87,333.33,###
540.53,319.47,537.87,323.2,552.8,322.67,552.27,318.4,###
596.0,301.33,597.07,308.8,614.13,304.53,613.07,299.2,###
433.87,421.87,433.87,426.67,447.2,423.47,446.67,419.2,###
484.53,408.53,484.53,414.4,496.27,411.73,496.8,408.53,###
538.4,395.73,538.4,401.07,551.2,401.07,551.2,395.73,###
599.2,382.4,597.6,387.73,612.0,386.67,611.47,380.27,###
434.4,491.2,434.4,494.93,445.6,494.93,445.6,491.2,###
480.8,483.73,480.8,488.53,500.0,485.33,499.47,482.13,###
532.53,474.13,533.07,480.53,558.13,476.27,557.07,471.47,###
591.2,466.67,590.13,472.0,618.93,465.6,619.47,460.27,###
431.73,562.67,431.73,567.47,449.87,566.93,449.87,561.07,###
480.27,556.27,478.67,562.13,501.6,560.53,502.13,555.2,###
533.6,552.0,534.67,557.33,553.87,554.13,553.87,548.8,###
596.53,544.53,596.0,549.33,614.13,549.33,613.6,542.4,###
430.67,714.67,430.67,718.4,447.73,718.4,447.73,714.67,###
485.6,714.67,485.6,721.07,493.07,721.07,493.07,714.67,###
538.4,714.67,538.4,721.07,549.6,721.07,549.6,714.67,###
597.6,718.93,597.6,724.27,612.0,724.27,612.0,718.93,###
388.53,419.2,390.13,436.27,397.6,435.2,397.6,419.2,T
625.87,206.4,628.0,212.27,636.53,210.13,636.53,204.27,###
