281.59,316.91,281.59,336.64,417.14,336.64,417.14,316.91,ESTEELAUDER
307.05,360.82,307.05,341.73,397.41,341.73,397.41,360.82,Re-Nutriv
310.23,448.0,310.23,431.45,395.5,431.45,395.5,448.0,UltimateLift
290.5,497.64,290.5,511.64,413.95,511.64,413.95,497.64,correctionanti-age
282.86,490.64,282.86,475.36,420.32,475.36,420.32,490.64,Lotionliftingsupreme
280.32,466.45,280.32,451.18,422.86,451.18,422.86,466.45,Age-CorrectingLotion
52.5,688.55,52.5,640.18,291.77,640.18,291.77,688.55,Lucy爱美丽
333.14,687.27,333.14,641.45,636.05,641.45,636.05,687.27,100%良心正品
451.5,266.0,446.83,413.0,671.61,413.0,675.5,269.11,###
448.39,462.0,448.39,521.89,644.39,521.89,644.39,462.0,###
