3.0,7.33,3.0,37.33,99.67,37.33,99.67,7.33,包邮
14.33,48.67,14.33,118.0,121.67,118.0,121.67,48.67,4.5
7.67,330.0,7.67,398.0,167.0,398.0,167.0,330.0,18条
169.0,357.33,169.0,394.67,251.0,394.67,251.0,357.33,广东
253.0,334.0,253.0,398.67,391.67,398.67,391.67,334.0,包邮
146.33,87.33,144.33,96.67,183.67,99.33,183.0,89.33,抓不破
227.0,102.0,211.67,124.0,263.67,140.67,273.0,117.33,芊麗
268.33,131.33,268.33,136.67,273.0,136.67,273.0,131.33,###
328.33,118.67,326.33,124.67,373.0,134.67,373.0,128.67,###
292.33,156.0,292.33,164.67,234.33,152.67,234.33,146.0,Collection
209.0,150.67,208.33,157.33,295.67,174.67,295.67,167.33,SUPPORTPANTYROSE
259.67,53.33,261.0,58.0,241.67,64.0,239.67,59.33,###
237.67,60.0,238.33,66.0,223.67,68.67,223.67,65.33,###
318.33,80.0,318.33,89.33,307.0,89.33,307.0,80.0,觉
301.0,81.33,301.0,87.33,290.33,87.33,290.33,81.33,###
331.0,108.0,329.0,116.0,341.67,118.0,343.0,111.33,缉
348.33,110.67,345.67,120.67,357.67,122.67,358.33,112.67,感
363.67,114.0,361.67,123.33,373.0,126.0,375.0,116.0,觉
208.33,28.0,212.33,36.67,201.67,40.67,198.33,33.33,觉
192.33,36.67,197.67,44.0,185.67,49.33,181.67,42.0,感
179.0,44.0,183.0,50.67,171.67,54.67,167.67,48.0,缉
25.67,148.0,29.67,156.67,25.0,160.0,18.33,151.33,###
242.33,44.67,246.33,54.0,256.33,50.0,251.67,41.33,觉
237.0,46.67,241.67,55.33,229.67,59.33,226.33,50.67,感
221.67,50.67,225.67,60.67,215.0,66.0,211.0,54.67,缉
