44.67,42.67,44.67,164.0,300.67,164.0,300.67,42.67,捷克
43.33,174.67,43.33,229.33,291.33,229.33,291.33,174.67,正品代购
72.67,353.33,72.67,389.33,110.0,389.33,110.0,353.33,满
111.33,336.0,111.33,392.0,234.0,392.0,234.0,336.0,299
235.33,356.0,235.33,389.33,271.33,389.33,271.33,356.0,元
74.0,405.33,74.0,464.0,268.67,464.0,268.67,405.33,返10元
463.33,364.0,463.33,384.0,568.67,384.0,568.67,368.0,MANUFAKTURA
463.33,445.33,462.0,464.0,568.67,466.67,568.67,445.33,SENSRRIVE
460.67,470.67,460.67,506.67,571.33,506.67,571.33,470.67,FACE
463.33,509.33,463.33,538.67,571.33,538.67,571.33,509.33,CARE
507.33,560.0,507.33,573.33,571.33,573.33,571.33,560.0,PLETOVY
607.33,549.33,607.33,564.0,576.67,572.0,576.67,554.67,KREM
458.0,556.0,458.0,568.0,502.0,573.33,500.67,558.67,OFNN
459.33,573.33,462.0,584.0,492.67,588.0,492.67,577.33,###
496.67,577.33,496.67,588.0,526.0,588.0,523.33,578.67,###
570.0,576.0,570.0,588.0,530.0,589.33,530.0,578.67,###
462.0,586.67,462.0,596.0,478.0,596.0,478.0,586.67,###
482.0,586.67,484.67,598.67,522.0,600.0,522.0,590.67,###
566.0,589.33,566.0,600.0,523.33,600.0,523.33,589.33,###
598.0,609.33,599.33,622.67,554.0,630.67,554.0,616.0,###
520.67,620.0,520.67,630.67,550.0,630.67,550.0,620.0,###
480.67,616.0,482.0,630.67,518.0,633.33,518.0,621.33,###
432.67,606.67,435.33,620.0,478.0,629.33,474.0,614.67,###
470.0,633.33,470.0,644.0,495.33,644.0,495.33,633.33,###
498.0,634.67,498.0,645.33,519.33,645.33,519.33,634.67,###
523.33,636.0,523.33,645.33,555.33,645.33,555.33,636.0,###
470.0,645.33,470.0,658.67,556.67,658.67,556.67,645.33,###
604.67,662.67,606.0,678.67,562.0,689.33,562.0,673.33,###
482.0,674.67,482.0,688.0,560.67,688.0,560.67,674.67,###
547.33,706.67,547.33,716.0,570.0,716.0,570.0,706.67,###
506.0,708.0,506.0,716.0,543.33,716.0,543.33,708.0,###
463.33,702.67,460.67,710.67,499.33,716.0,499.33,708.0,###
430.0,661.33,428.67,673.33,452.67,677.33,451.33,665.33,###
424.67,544.0,422.0,557.33,454.0,565.33,454.0,550.67,JMNY
458.0,400.0,458.0,441.33,571.33,441.33,571.33,400.0,100%
