26.0,64.0,26.0,136.0,168.67,136.0,168.67,64.0,热卖
39.33,253.33,39.33,277.33,162.0,277.33,162.0,253.33,TENA
182.0,257.33,180.0,291.08,292.0,290.46,293.85,260.31,添宁
178.0,296.0,178.0,309.33,291.33,309.33,291.33,296.0,###
416.67,176.0,416.67,190.67,398.0,190.67,398.0,176.0,型
394.0,177.33,396.67,190.67,359.33,197.33,363.33,184.0,基本
346.0,156.0,346.0,181.33,428.67,176.0,428.67,156.0,Dr·P
310.0,118.67,315.33,150.67,415.5,155.0,395.33,134.67,包大人
472.67,146.67,472.67,160.0,430.0,160.0,430.0,148.0,纸尿片
568.67,165.33,572.67,185.33,528.67,188.0,530.0,172.0,M-L
495.33,173.33,495.33,192.0,522.0,192.0,522.0,173.33,10
498.0,193.33,498.0,202.67,574.0,202.67,574.0,193.33,###
747.33,218.67,747.33,241.33,688.67,241.33,690.0,225.33,NEW
679.33,318.67,679.33,338.67,700.67,329.33,714.0,318.67,合格
559.33,317.33,559.33,328.0,583.33,328.0,583.33,317.33,###
599.33,314.67,599.33,328.0,632.67,328.0,632.67,314.67,DATE
676.67,328.0,676.67,336.0,560.67,336.0,560.67,328.0,###
507.33,401.33,507.33,465.33,783.33,465.33,783.33,401.33,绝对正品
567.33,470.67,567.33,512.0,758.0,512.0,758.0,470.67,成人纸尿片
180.67,398.67,180.67,464.0,466.0,464.0,466.0,398.67,实物拍摄
263.33,454.67,271.33,560.0,718.0,550.67,718.0,448.0,包大人
18.0,452.0,18.0,1061.33,95.33,1061.33,95.33,452.0,江浙皖8包包邮
231.33,997.33,231.33,1062.67,763.33,1062.67,763.33,997.33,关爱老年护理店
211.33,890.67,211.33,900.0,247.33,900.0,247.33,890.67,###
268.67,889.33,268.67,898.67,308.67,898.67,308.67,889.33,###
331.33,888.0,331.33,894.67,364.67,894.67,364.67,888.0,###
75.33,853.33,75.33,897.33,118.0,897.33,118.0,853.33,10
574.0,678.67,572.67,722.67,419.33,725.33,419.33,678.67,基本型
196.67,902.67,196.67,916.0,96.67,916.0,96.67,902.67,###
126.0,857.33,126.0,888.0,190.0,888.0,190.0,857.33,M-L
191.33,892.0,191.33,898.67,131.33,898.67,131.33,892.0,###
124.67,890.67,124.67,898.67,118.0,898.67,118.0,890.67,###
163.33,774.67,163.33,810.67,272.67,810.67,272.67,774.67,效护肤
275.33,812.0,275.33,825.33,164.67,825.33,164.67,812.0,###
166.0,762.67,166.0,830.67,110.0,830.67,110.0,762.67,3
626.0,578.67,626.0,658.67,371.33,658.67,371.33,578.67,Dr·P
630.0,569.33,630.0,586.67,647.33,586.67,647.33,569.33,?
446.0,818.67,447.33,832.0,488.67,832.0,488.67,818.67,###
403.33,821.33,400.67,833.33,374.0,824.0,379.33,813.33,###
428.67,810.67,434.0,821.33,403.33,833.33,407.33,821.33,###
346.0,825.33,347.33,833.33,367.33,824.0,366.0,817.33,###
314.0,820.0,315.33,829.33,344.67,833.33,344.67,825.33,###
207.33,733.33,207.33,760.0,226.0,760.0,226.0,733.33,E
535.33,252.0,535.33,290.67,634.0,290.67,634.0,252.0,全新
688.67,218.67,682.0,286.67,618.0,296.0,642.0,242.67,升
690.0,244.0,687.33,285.33,751.33,286.67,751.33,244.0,级
284.62,254.77,284.62,260.31,293.85,262.15,292.0,254.77,?
