19.22,637.5,19.22,738.75,91.41,738.75,91.41,637.5,S
98.91,678.75,98.91,736.88,157.97,736.88,157.97,678.75,62
195.47,638.44,195.47,738.75,287.34,738.75,287.34,638.44,M
297.66,680.63,297.66,739.69,352.97,739.69,352.97,680.63,52
390.47,641.25,390.47,741.56,462.66,741.56,462.66,641.25,L
468.28,679.69,468.28,736.88,526.41,736.88,526.41,679.69,44
559.22,637.5,559.22,737.81,670.78,737.81,670.78,637.5,XL
676.41,677.81,676.41,737.81,733.59,737.81,733.59,677.81,36
493.59,378.75,494.53,387.19,614.53,383.44,616.41,375.0,4.breathabiefilmlikecloth
474.84,367.5,474.84,376.88,617.34,373.13,618.28,364.69,3.Leakproofedgewith3layers
521.72,354.38,521.72,362.81,617.34,360.94,617.34,352.5,2.Softcottonsurface
504.84,343.13,503.91,350.63,617.34,347.81,617.34,341.25,1.Magicabsorptionlever
576.25,322.5,576.25,335.0,617.08,335.0,617.08,322.5,亲柔极薄
530.42,309.17,530.42,321.67,558.75,321.67,558.75,309.17,Soft
562.92,308.33,562.92,322.5,588.75,322.5,588.75,308.33,and
592.08,308.33,592.08,322.5,616.25,322.5,616.25,308.33,thin
494.58,285.83,494.58,299.17,618.75,299.17,618.75,285.83,宾比‘’BabyDiapers
402.92,220.83,402.08,285.0,619.58,280.83,619.58,217.5,BinBe
344.58,144.17,344.58,150.83,373.75,150.83,373.75,144.17,###
342.92,136.67,342.92,143.33,387.08,143.33,387.08,136.67,###
436.25,118.33,436.25,128.33,468.75,128.33,468.75,118.33,OBEE
482.92,113.33,482.92,123.33,498.75,123.33,498.75,113.33,LSO
594.58,108.33,594.58,128.33,623.75,127.5,623.75,108.33,XL
626.25,108.33,626.25,118.33,639.58,118.33,639.58,108.33,36
656.25,118.33,656.25,112.5,637.92,112.5,637.92,118.33,###
626.25,120.0,626.25,127.5,657.08,127.5,657.08,120.0,14kg以上
45.42,125.83,45.42,175.0,204.58,175.0,204.58,125.83,送大礼
54.58,64.17,54.58,111.67,191.25,111.67,191.25,64.17,购2包
563.75,62.5,563.75,67.5,625.42,67.5,625.42,62.5,###
575.94,440.0,562.81,476.88,574.06,483.13,587.19,446.25,EWAISTE
603.44,501.88,604.06,511.88,624.06,508.75,623.44,499.38,ROU
573.44,480.63,566.56,491.25,600.94,514.38,602.19,504.38,NOFLEXL
624.69,440.63,637.81,473.75,649.06,470.0,632.81,436.88,环抱式弹
636.56,475.0,625.31,498.13,632.81,504.38,649.06,476.25,性膜贴
375.42,63.33,375.42,68.33,461.25,68.33,464.58,63.33,###
513.75,56.67,513.75,64.17,527.92,64.17,527.92,56.67,###
