198.5,539.13,198.5,555.24,228.82,555.24,228.82,539.13,150g
166.29,514.49,166.29,529.65,261.04,529.65,261.04,514.49,BODYCREAM
509.28,373.31,509.28,412.16,666.57,412.16,666.57,373.31,4小香水
507.39,165.81,507.39,301.31,643.83,301.31,643.83,165.81,送
183.34,272.88,183.34,285.2,245.88,285.2,245.88,272.88,dress
182.39,249.19,182.39,262.46,247.77,262.46,247.77,249.19,black
184.29,229.3,184.29,242.56,247.77,242.56,247.77,229.3,little
161.55,146.86,161.55,167.71,272.41,167.71,272.41,146.86,AVON
32.69,15.16,32.69,72.01,265.77,72.01,265.77,15.16,正品包邮
397.48,38.85,397.48,70.11,429.69,70.11,429.69,38.85,第
431.59,20.84,431.59,71.06,470.43,71.06,470.43,20.84,2
508.33,12.32,508.33,75.8,706.36,75.8,706.36,12.32,立减价
473.28,36.95,473.28,72.01,504.54,72.01,504.54,36.95,支
