207.33,16.0,207.33,69.33,655.33,69.33,655.33,16.0,雪梨澳洲生活馆
592.67,397.33,592.67,412.0,647.33,412.0,647.33,397.33,雪梨澳洲
600.67,416.0,600.67,428.0,640.67,428.0,640.67,416.0,生活馆
520.67,744.0,520.67,772.0,327.33,772.0,327.33,744.0,100%澳洲正品
186.0,500.0,184.67,506.67,218.0,512.0,216.67,505.33,###
219.33,506.67,218.0,513.33,251.33,517.33,250.0,510.67,###
252.67,510.67,252.67,518.67,290.0,518.67,290.0,510.67,###
294.0,512.0,294.0,518.67,320.67,518.67,320.67,512.0,###
331.33,517.33,331.33,525.33,294.0,525.33,294.0,517.33,###
263.33,521.33,263.33,529.33,295.33,529.33,295.33,521.33,###
236.67,517.33,236.67,525.33,258.0,525.33,258.0,517.33,###
220.67,514.67,220.67,524.0,234.0,524.0,234.0,514.67,###
188.67,509.33,190.0,516.0,215.33,521.33,215.33,514.67,###
184.67,520.0,186.0,526.67,212.67,533.33,212.67,526.67,###
215.33,529.33,218.0,536.0,243.33,538.67,244.67,532.0,###
187.33,534.67,188.67,544.0,219.33,553.33,219.33,544.0,###
226.0,544.0,224.67,553.33,272.67,557.33,271.33,549.33,###
278.0,482.67,278.0,493.33,354.0,493.33,354.0,482.67,DEYELOPMENT
311.33,450.67,311.33,465.33,358.0,465.33,358.0,450.67,GOLD
240.67,424.0,240.67,449.33,359.33,449.33,359.33,424.0,NANCY
183.33,416.0,184.67,442.67,239.33,448.0,236.67,422.67,PREG
186.0,445.33,184.67,460.0,235.33,468.0,235.33,446.67,###
228.67,382.67,228.67,398.67,335.33,398.67,335.33,382.67,PREGNANCY
283.33,344.0,283.33,373.33,395.33,373.33,395.33,344.0,MORES
182.0,341.33,182.0,373.33,279.33,373.33,279.33,341.33,BLACK
226.0,482.67,226.0,493.33,271.33,493.33,271.33,482.67,HEALTHY
183.33,472.0,183.33,482.67,222.0,490.67,220.67,480.0,###
238.0,450.67,238.0,469.33,306.0,469.33,306.0,450.67,FEEDING
