31.82,732.73,31.82,790.51,534.04,790.51,534.04,732.73,16款广汽传祺GA6
569.6,747.84,567.82,796.73,790.04,762.95,786.49,715.84,后备箱垫
565.15,690.06,569.6,737.18,787.38,703.4,786.49,654.51,高档皮革
29.15,708.73,29.15,718.51,222.93,718.51,222.93,708.73,CARACDESSORIESCARSEATCUSHICHS
29.6,695.61,28.27,706.06,375.82,706.06,375.82,693.62,THEGFFICIALPLAOSHIPSTOREJINGMIEXCLUSIVELEATHERTRUNKNAT
671.31,764.76,671.31,764.18,671.31,764.18,671.31,764.76,###
115.31,298.15,115.31,325.01,203.31,325.01,203.31,298.15,16款广汽传祺GA6
89.03,53.64,89.03,90.22,259.31,90.22,259.31,53.64,官方旗舰店
10.17,14.79,10.17,53.07,267.88,53.07,267.88,14.79,JINGMI景蜜
266.55,8.0,266.55,24.0,282.55,24.0,282.55,8.0,?
