55.39,319.7,55.39,327.37,86.06,327.37,86.06,319.7,Spcing
148.93,348.83,179.98,345.0,187.64,346.53,184.58,335.8,com
224.44,316.25,224.44,331.97,229.81,331.97,229.81,316.25,###
226.36,217.73,226.36,229.62,229.81,229.62,229.81,217.73,###
20.89,288.27,23.96,304.37,138.58,263.73,135.13,249.55,2956604682
171.16,235.75,178.06,250.7,217.54,236.9,213.33,220.8,找书：
3.26,242.27,9.39,259.9,48.49,245.33,43.89,230.77,找书：
53.86,226.17,61.53,239.97,191.86,194.35,186.88,182.47,en55@qq.com
0.96,194.73,4.79,208.15,126.31,167.13,121.71,156.02,n55@qq.com
40.06,164.45,40.44,169.05,75.33,169.43,75.71,164.45,###
39.68,156.02,40.44,159.85,136.66,161.38,136.66,155.63,###
40.83,149.12,41.21,153.33,163.88,152.95,163.88,147.58,###
158.13,139.53,166.18,154.48,201.44,140.3,195.69,125.73,QQ:
206.81,121.13,210.26,135.7,229.43,129.18,226.74,114.23,29
40.44,127.65,39.29,137.62,66.51,137.62,66.51,125.35,###
71.11,123.82,71.11,138.0,158.89,138.0,158.89,123.82,Applications
40.06,105.42,40.06,119.6,103.31,119.6,103.31,105.42,Distribut
105.61,105.8,105.61,118.45,138.96,118.45,138.96,105.8,###
140.11,108.1,140.11,118.45,200.29,118.45,200.29,108.1,ocessing
170.39,79.35,176.14,98.13,217.93,84.72,212.56,67.85,找书：
225.21,65.55,225.21,77.05,229.04,77.05,229.04,65.55,###
41.59,88.17,40.06,98.52,124.39,98.52,124.39,85.87,Farlleland
-0.19,145.28,-0.19,161.0,14.38,157.93,12.84,142.6,Q：
18.98,95.45,18.98,139.15,27.41,139.15,27.41,95.45,INCS335
21.28,136.47,23.96,151.42,138.19,110.78,133.21,96.98,2956604682
0.19,92.38,0.58,109.25,73.79,81.65,69.96,69.0,6604682
107.14,53.67,112.89,70.15,152.76,55.2,148.54,40.63,找书：
158.89,37.95,164.64,49.45,227.51,29.9,222.91,14.95,en55@
41.59,50.22,41.59,57.88,105.23,57.88,105.23,50.22,###
41.98,39.87,41.98,46.38,81.84,46.38,81.84,39.87,###
43.13,27.6,43.13,35.27,104.84,35.27,104.84,27.6,###
41.98,16.1,41.98,24.92,92.96,24.92,92.96,16.1,###
0.58,44.85,0.96,55.97,127.46,12.27,122.09,1.92,en55@qq.com
-0.19,0.38,-0.19,8.05,13.64,5.59,14.76,0.38,###
36.23,333.5,43.89,348.83,78.78,338.48,74.94,325.45,QQ:
83.38,315.87,89.89,331.58,202.98,291.72,197.99,277.53,2956604682
0.58,297.85,0.58,313.95,14.76,309.35,10.54,295.93,Q：
226.55,15.08,226.55,24.79,229.62,24.79,229.62,15.08,###
