154.69,215.76,154.69,244.9,436.79,244.9,436.79,215.76,周周家韩国女装正品
160.89,260.4,160.89,274.04,438.03,274.04,438.03,260.4,http://zz52zz.taobao.com/
400.21,344.72,400.21,358.36,419.43,358.36,419.43,344.72,QQ
401.45,365.8,401.45,381.92,438.03,381.92,438.03,365.8,微信
430.59,345.34,430.59,358.36,527.31,358.36,527.31,345.34,2330034968
451.67,365.8,451.67,381.3,514.91,381.3,514.91,365.8,zz52zz1
363.01,884.12,363.01,918.84,605.43,918.84,605.43,884.12,0405B-0051
287.37,433.38,291.09,517.08,389.05,517.08,389.05,433.38,AS
307.21,186.62,307.21,192.82,328.29,192.82,328.29,186.62,###
330.15,327.36,338.83,410.44,229.71,428.42,217.93,343.48,KE
338.83,327.98,345.03,414.78,427.49,421.6,441.13,327.98,EN
