546.48,829.09,546.48,835.23,624.2,835.23,624.2,829.09,###
482.39,816.82,482.39,824.32,688.3,824.32,688.3,816.82,###
463.3,804.55,463.3,812.05,708.07,812.05,708.07,804.55,###
508.98,792.27,508.98,799.77,663.07,799.77,663.07,792.27,###
481.02,780.68,481.02,787.5,689.66,787.5,689.66,780.68,###
479.66,768.41,479.66,775.91,691.02,775.91,691.02,768.41,###
510.34,739.77,510.34,758.86,664.43,758.86,664.43,739.77,清凉/显瘦/透气
481.7,682.5,481.7,726.82,691.02,726.82,691.02,682.5,舒适.百搭
462.61,644.32,462.61,666.14,725.8,666.14,725.8,644.32,###
317.39,396.82,325.57,447.27,412.84,454.09,417.61,409.09,HEVER
355.57,367.5,355.57,400.23,386.25,400.23,386.25,367.5,OR
310.57,305.45,316.7,360.68,424.43,376.36,442.16,325.23,MEOW
511.7,155.45,511.7,188.86,682.16,188.86,682.16,155.45,时尚连衣裙
35.8,405.68,35.8,432.27,176.25,432.27,176.25,405.68,2016NEW
54.2,332.05,54.2,381.82,155.8,381.82,155.8,332.05,时尚
54.2,275.45,54.2,323.86,159.2,323.86,159.2,275.45,潮流
24.2,32.73,24.2,145.91,308.52,145.91,308.52,32.73,FAS
413.52,31.36,413.52,145.91,726.48,145.91,726.48,31.36,TON
