122.33,622.58,122.33,655.92,225.67,655.92,225.67,622.58,神仙水
326.5,619.25,326.5,654.25,429.83,654.25,429.83,619.25,粉底液
574.0,621.75,574.0,655.92,639.83,655.92,639.83,621.75,晚霜
214.0,544.25,214.0,571.75,496.5,571.75,496.5,544.25,Love百媚娇艳
340.07,544.7,340.07,548.98,379.18,548.98,379.18,544.7,###
333.64,533.45,331.5,540.41,388.82,543.09,387.75,536.13,###
320.25,528.63,319.71,520.05,399.53,520.05,402.21,530.77,丝质亮白无暇粉底液
330.96,508.27,332.57,517.38,384.53,518.98,385.07,510.95,SKLNCARE
326.14,498.63,325.07,506.66,394.18,507.2,392.57,498.63,FOLNDATION
318.11,433.27,318.64,448.27,397.39,450.95,397.93,435.95,FUSUROSE
515.25,543.63,516.86,558.63,547.39,559.16,545.78,547.38,美水
555.96,553.8,554.89,559.7,675.43,556.48,675.43,551.13,###
574.18,540.41,573.64,552.2,658.28,548.98,658.28,538.27,玫瑰晶莹赋采晚霜
559.71,530.77,560.25,538.27,669.0,535.59,668.46,527.55,ROSEPTREWNTESKLNCARE
569.89,512.02,569.36,527.55,660.96,526.48,659.89,510.95,FUSUROSE
94.18,240.71,94.18,260.53,216.32,260.53,216.32,240.71,FUSUROSE
89.89,448.74,91.5,457.32,222.21,458.39,223.28,449.82,###
90.43,435.89,92.57,443.92,219.0,446.07,217.93,436.42,###
94.18,419.82,93.64,430.53,215.78,432.67,216.86,421.96,RoseFRUIToilAloeGel
93.11,394.1,93.11,409.64,219.0,409.64,215.78,396.78,玫瑰美白美肌神仙水
95.78,376.3,94.71,381.66,217.93,383.27,216.86,376.84,RosePureTenieWater
112.93,346.84,112.93,360.23,196.5,360.23,196.5,346.84,SKTNCARE
86.68,330.23,85.07,342.55,228.64,344.7,225.96,332.38,ROSFPUREWHTTE
499.71,243.39,499.71,289.99,596.14,289.99,596.14,243.39,包邮
551.14,126.07,551.14,160.89,615.43,160.89,615.43,126.07,B套
116.14,46.66,116.14,85.23,194.89,85.23,194.89,46.66,芙水
207.21,46.13,207.21,84.16,601.5,84.16,601.5,46.13,玫瑰美白保湿组合套装
555.96,271.66,555.96,271.13,555.96,271.13,555.96,271.66,###
