93.39,200.96,93.39,369.71,201.6,369.71,201.6,200.96,免洗
92.1,450.86,92.1,807.69,201.6,807.69,201.6,450.86,护发精油
361.33,240.89,361.33,440.56,406.42,440.56,401.27,240.89,品质保证
1245.03,252.48,1245.03,588.7,1339.06,588.7,1339.06,252.48,香奈儿
1243.74,658.26,1243.74,872.1,1337.78,873.39,1339.06,658.26,香型
164.24,1285.61,164.24,1378.35,1243.74,1378.35,1243.74,1285.61,洛黛诗香水修复乳化疗
622.97,432.19,623.99,447.37,639.17,445.34,639.17,432.19,?
980.26,676.11,980.26,694.33,995.44,694.33,996.45,675.1,?
432.69,439.27,432.69,468.62,621.96,468.62,621.96,439.27,L’UODAIS
438.76,471.66,438.76,485.83,617.91,485.83,617.91,471.66,PROFESSIONALON
794.03,685.22,794.03,713.56,982.28,713.56,982.28,685.22,L’UODAIS
798.07,717.61,795.04,730.77,975.2,731.78,975.2,717.61,PROFESSIONALON
491.4,1047.57,491.4,1065.79,601.72,1065.79,601.72,1047.57,Classic
458.86,1075.25,457.99,1081.98,635.12,1081.98,635.57,1074.42,Healthcaremoistnatural
493.42,1089.07,493.42,1098.18,599.72,1098.59,601.72,1089.07,burnishsmooth
508.6,1102.22,508.6,1115.38,536.94,1116.39,535.93,1102.22,Net
547.06,1102.22,547.06,1113.36,579.72,1115.26,580.46,1102.22,80ml
847.67,1125.5,847.67,1140.69,883.09,1141.7,883.09,1125.5,Net：
895.24,1125.5,895.24,1141.7,913.46,1141.7,913.46,1125.5,80
830.46,1105.26,832.49,1118.42,891.19,1122.47,891.19,1109.31,burnish
897.26,1111.33,897.26,1124.49,960.02,1120.44,962.04,1111.33,smooth
795.04,1079.96,797.06,1093.11,846.66,1099.19,844.63,1088.05,Health
849.69,1089.07,849.69,1103.24,885.12,1103.24,885.63,1093.59,care
891.19,1093.11,891.19,1105.26,935.73,1105.26,935.73,1093.11,moist
940.64,1093.59,938.76,1103.24,990.38,1097.16,990.38,1085.02,natural
830.46,1062.75,830.46,1085.02,957.99,1085.02,957.99,1062.75,Classic
908.4,1129.55,922.57,1155.87,1214.07,1004.05,1197.87,975.71,向阳专业美容美发用品
963.05,1152.83,987.35,1199.39,1213.05,1077.93,1187.75,1031.37,实物拍摄
585.52,214.57,583.5,232.79,804.15,119.43,803.14,104.25,###
686.74,433.2,688.76,449.39,745.44,424.09,744.43,407.89,###
298.08,614.37,298.08,631.58,404.35,584.01,404.35,565.79,###
696.86,698.38,693.82,716.6,744.43,690.28,739.37,671.05,###
1042.0,532.39,1047.06,548.58,1164.47,497.97,1162.45,478.74,###
1027.83,799.59,1027.83,817.81,1159.41,753.03,1156.37,734.82,###
1022.77,740.89,1034.92,781.37,1071.35,758.1,1056.17,722.67,D
1108.8,436.23,1126.01,481.78,1165.48,452.43,1137.14,411.94,D
677.63,636.64,677.63,683.2,710.02,683.2,710.02,636.64,D
331.48,523.28,331.48,575.91,375.0,575.91,375.0,523.28,D
672.57,94.13,695.85,138.66,730.26,115.38,710.02,79.96,D
926.47,1071.09,926.47,1070.25,925.63,1070.25,925.63,1071.09,###
559.72,481.78,559.72,481.78,558.88,481.78,558.88,481.78,###
765.89,320.24,777.22,347.17,814.07,342.91,806.98,307.49,###
1124.39,216.8,1125.81,233.81,1173.98,221.05,1173.98,202.63,###
