35.11,20.44,35.11,81.78,202.22,81.78,202.22,20.44,HiPP
354.22,29.33,354.22,92.44,750.67,92.44,750.67,29.33,有机小米米粉
550.67,117.33,550.67,124.44,619.11,124.44,619.11,117.33,HiPP
525.78,144.89,525.78,151.11,638.67,151.11,638.67,144.89,FeineHirse
422.67,127.11,422.67,132.44,493.78,132.44,493.78,127.11,###
404.89,176.89,404.89,184.0,423.56,184.0,423.56,176.89,###
448.44,209.78,448.44,176.89,415.56,176.89,415.56,209.78,4.
407.56,212.44,407.56,222.22,447.56,222.22,447.56,212.44,MONAT
405.78,165.33,405.78,169.78,439.56,169.78,439.56,165.33,###
445.78,163.56,445.78,167.11,410.22,167.11,410.22,163.56,###
510.67,195.56,510.67,256.89,706.22,256.89,706.22,195.56,HiPP
419.11,422.22,419.11,626.67,441.33,626.67,441.33,422.22,Vorratspack
412.89,634.67,412.89,736.0,441.33,736.0,441.33,634.67,400g-
743.56,376.0,743.56,406.22,484.89,406.22,484.89,376.0,FeineHirse
669.78,424.89,669.78,434.67,548.89,434.67,548.89,424.89,mitReis，ohneMilch
685.78,484.44,685.78,495.11,726.67,495.11,726.67,484.44,OHNE
674.22,497.78,674.22,512.0,741.78,512.0,741.78,497.78,ZUCKER-
677.78,515.56,677.78,526.22,734.67,526.22,734.67,515.56,ZUSATZ
561.33,689.78,561.33,795.56,710.67,795.56,710.67,689.78,15
715.11,759.11,715.11,788.44,772.0,788.44,772.0,759.11,包邮
282.22,754.67,282.22,784.89,422.67,784.89,422.67,754.67,介意慎拍！
446.67,758.22,446.67,781.33,453.78,781.33,453.78,758.22,！
488.44,723.56,488.44,706.67,505.33,706.67,505.33,723.56,A
476.0,728.0,476.0,735.11,518.67,735.11,518.67,728.0,###
257.33,754.67,257.33,784.0,19.11,784.0,19.11,754.67,2016年6月份左右
703.56,336.0,703.56,349.33,520.44,349.33,520.44,336.0,Bio-Getreidebidebrei
718.67,319.11,718.67,328.89,733.78,328.89,733.78,319.11,US
704.44,305.78,699.11,312.89,716.0,328.89,718.67,319.11,CLA
751.56,300.44,757.78,309.33,737.33,328.0,735.56,316.44,HiPP
715.11,282.67,708.89,298.67,740.89,308.44,747.11,292.44,BIO
709.78,303.11,707.11,309.33,734.67,315.56,737.33,312.0,###
731.11,268.44,731.11,277.33,741.78,277.33,741.78,268.44,###
729.33,267.56,728.44,274.67,710.67,279.11,708.89,273.78,###
712.44,279.11,704.44,296.89,696.44,298.67,706.22,275.56,###
56.44,298.67,56.44,323.56,278.67,323.56,278.67,298.67,适合4个月以上的宝宝
59.11,241.78,59.11,264.89,153.33,264.89,153.33,241.78,正品保证
58.22,184.0,58.22,207.11,152.44,207.11,152.44,184.0,有机免敏
58.22,125.33,58.22,147.56,151.56,147.56,151.56,125.33,天然纯净
