-0.41,4.15,-0.41,78.02,36.93,78.02,36.93,4.15,正品
49.38,480.57,49.38,494.68,216.22,494.68,216.22,480.57,Shop101289093.TAOBAO.COM
133.22,447.37,133.22,468.12,270.16,468.12,270.16,447.37,摄影服饰3
276.81,455.67,276.81,477.25,238.63,477.25,238.63,455.67,出品
320.79,310.42,320.79,338.64,376.4,338.64,376.4,310.42,实物
319.96,341.13,319.96,370.18,377.23,370.18,377.23,341.13,拍摄
446.13,412.51,452.76,439.9,406.28,444.05,402.13,418.32,7天
484.3,9.96,484.3,187.58,438.65,187.58,438.65,9.96,质量保证
207.91,114.54,207.91,361.05,164.75,361.05,164.75,114.54,4套就包邮
233.64,143.59,233.64,336.98,276.81,336.98,276.81,143.59,大量现货
152.31,368.52,152.31,405.87,306.69,405.87,306.69,368.52,销量第一
209.57,411.68,209.57,450.69,366.44,450.69,366.44,411.68,好评多多
200.44,0.0,200.44,57.27,295.89,57.27,295.89,0.0,最新
227.83,53.12,227.83,97.94,319.13,97.94,319.13,53.12,推出
463.55,439.9,466.04,468.95,412.92,477.25,409.6,446.54,退换
17.02,405.87,17.02,454.84,109.14,454.84,109.14,405.87,鑫鑫
-0.41,369.35,-0.41,395.91,145.66,395.91,145.66,369.35,###
