142.2,201.56,139.99,239.11,211.22,238.01,211.78,199.9,oll
358.12,314.77,358.12,337.41,395.11,337.41,395.11,314.77,oll
30.65,257.34,30.65,269.48,280.8,269.48,281.36,258.44,HTTPS://MM-DG.TAOBAO.
98.57,279.98,98.57,296.54,114.59,296.54,114.59,279.98,美
125.08,280.53,125.08,297.1,142.2,297.1,142.2,280.53,美
153.79,279.42,153.79,295.99,168.7,295.99,168.7,279.42,香
180.85,280.53,180.85,296.54,195.76,296.54,195.76,280.53,港
207.36,279.42,207.36,297.65,223.37,297.65,223.37,279.42,代
236.07,282.19,236.07,296.54,253.19,296.54,253.19,282.19,購
77.03,281.08,77.03,295.44,83.66,295.44,83.66,281.08,[
266.45,279.98,266.45,297.65,273.63,298.75,273.63,279.98,]
304.0,346.24,304.0,353.42,451.99,353.42,451.99,346.24,HTTPS://MM-DG.TAOBAO.COM
327.19,357.84,327.19,367.23,331.61,367.23,331.61,357.84,[
338.24,358.39,338.24,367.78,344.86,367.78,344.86,358.39,美
351.49,357.84,351.49,367.23,360.32,367.23,360.32,357.84,美
366.4,358.94,366.4,367.23,373.58,367.23,373.58,358.94,香
379.65,357.84,379.65,366.12,387.38,366.12,387.38,357.84,港
394.56,356.74,394.56,366.68,401.19,366.68,401.19,356.74,代
406.71,357.84,406.71,367.23,415.55,367.23,415.55,357.84,購
294.61,75.65,294.61,83.39,465.8,83.39,465.8,75.65,HTTPS://MM-DG.TAOBAO.COM
356.46,38.1,356.46,65.16,398.43,65.16,398.43,38.1,oll
320.01,88.91,320.01,98.85,324.43,98.85,324.43,88.91,[
333.82,89.46,333.82,98.85,342.65,98.85,342.65,89.46,美
349.28,90.01,349.28,99.4,359.22,99.4,359.22,90.01,美
365.29,87.8,365.29,99.4,374.68,99.4,374.68,87.8,香
382.97,88.91,382.97,99.95,392.35,99.95,392.35,88.91,港
397.88,90.01,399.53,99.95,408.37,100.5,408.37,90.01,代
411.13,88.91,411.13,99.4,423.83,98.85,424.93,88.91,購
423.28,358.94,423.28,367.78,428.25,367.78,428.25,358.94,]
431.01,87.25,431.01,99.4,437.08,99.4,437.08,87.25,]
