352.37,93.87,359.7,115.13,73.7,183.33,68.57,162.07,高品质·订制·正版车贴来自
371.43,123.2,375.83,137.13,188.83,183.33,184.43,169.4,http：carc.taobao.com
166.83,167.93,171.23,188.47,70.77,212.67,65.63,192.13,旺旺：黄继军
286.37,206.8,290.77,219.27,268.03,222.93,264.37,212.67,MLS
259.23,207.53,264.37,222.2,239.43,227.33,235.03,213.4,5910
220.37,202.4,225.5,231.73,130.17,249.33,125.03,220.0,每个泥泞
174.9,280.87,169.03,250.8,286.37,228.8,293.7,259.6,的地方都会
142.63,268.4,147.03,279.4,122.1,284.53,119.9,274.27,###
147.03,309.47,149.97,321.93,126.5,326.33,123.57,314.6,###
272.43,275.73,276.83,305.07,152.9,329.27,148.5,297.73,溅起美丽的花
334.03,275.0,340.63,294.07,296.63,302.13,293.7,282.33,200MLS
