62.92,742.5,62.92,684.17,673.75,684.17,673.75,742.5,买芙蓉霜就送贴膜一片
247.92,605.0,247.92,590.0,282.08,590.0,282.08,605.0,80ml
247.92,471.67,302.08,519.17,322.08,499.17,274.58,450.0,知行
251.25,493.33,257.08,484.17,292.92,510.0,284.58,519.17,###
242.92,515.0,262.92,532.5,277.08,518.33,258.75,500.83,20
484.58,410.0,484.58,398.33,567.92,398.33,563.75,411.67,###
256.25,413.33,256.25,385.0,499.58,385.0,499.58,413.33,正品?现货?价低
256.25,375.83,256.25,347.5,495.42,347.5,495.42,375.83,法国葛林若折扣店
577.92,384.17,577.92,364.17,464.58,364.17,464.58,384.17,ESSENCE
432.92,330.0,432.92,310.83,610.42,310.83,610.42,330.0,NATURALPLANT
461.25,533.33,461.25,521.67,575.42,523.33,575.42,535.83,###
421.25,257.5,419.58,233.33,617.08,207.5,622.08,229.17,###
163.75,248.33,163.75,217.5,365.42,217.5,365.42,248.33,GLINGLUO
559.58,258.33,559.58,247.5,595.42,247.5,595.42,258.33,GENE
594.58,260.0,594.58,248.33,622.92,248.33,622.92,260.0,###
293.75,195.0,293.75,177.5,332.08,177.5,332.08,195.0,葛林若
337.08,181.67,337.08,171.67,347.92,171.67,347.92,181.67,R
179.58,193.33,183.75,175.83,332.08,154.17,333.75,170.83,###
615.42,358.33,615.42,339.17,430.42,339.17,430.42,358.33,###
5.42,98.33,5.42,42.5,116.25,42.5,116.25,98.33,购物
122.92,103.33,122.92,17.5,210.42,17.5,207.92,104.17,送
357.92,92.5,357.92,14.17,207.92,14.17,207.92,92.5,温暖
392.08,54.17,392.08,12.5,560.42,12.5,560.42,54.17,拍下送礼
570.42,56.67,570.42,30.0,667.92,30.0,667.92,56.67,送完为止
387.92,98.33,387.92,58.33,707.08,58.33,707.08,98.33,法国葛林若折扣店
203.75,353.33,203.75,324.17,232.08,324.17,232.08,353.33,C
