64.81,670.96,64.81,711.76,175.21,711.76,175.21,670.96,6袋装
79.21,620.56,79.21,661.36,161.61,661.36,161.61,620.56,包邮
39.21,223.18,39.21,249.58,159.21,249.58,159.21,223.18,天然蛭石
165.61,223.18,165.61,251.98,288.01,251.98,288.01,223.18,芳香室内
17.61,96.85,17.61,184.85,250.41,184.85,250.41,96.85,23.4
249.61,129.65,249.61,180.85,304.81,180.85,304.81,129.65,元
426.41,635.76,426.41,651.76,445.61,651.76,445.61,635.76,25
412.81,526.16,415.21,546.96,453.61,545.36,452.81,523.76,玫瑰
592.81,554.16,590.41,574.16,649.61,582.96,652.81,563.76,薰衣草
553.61,504.56,552.01,514.96,597.61,522.16,600.01,511.76,适用于客厅、
604.81,513.36,604.81,523.76,624.01,526.16,624.81,514.96,卧室、
632.01,517.36,630.41,526.96,649.61,529.36,650.41,517.36,衣服、
658.41,520.56,656.81,530.96,675.21,534.16,675.21,522.16,浴室、
682.41,524.56,681.61,534.96,701.61,538.16,702.41,526.16,车内
657.61,529.36,657.61,529.36,656.81,529.36,656.81,529.36,###
583.21,479.76,580.81,499.76,678.41,511.76,681.61,493.36,飘香香氛包
575.28,467.42,573.83,473.96,688.01,490.69,688.01,483.42,Fragranccesachet
552.01,426.69,545.46,457.23,721.46,484.14,720.74,454.32,LAVENDER
622.55,383.05,608.74,407.78,661.1,420.87,671.28,396.14,春風
359.28,490.69,361.46,501.6,405.83,497.96,405.1,484.87,适用于客厅
408.74,483.42,408.74,494.32,429.83,494.32,429.83,481.96,卧室、
434.92,480.51,434.19,494.32,454.55,492.14,455.28,479.05,衣服、
456.74,478.32,458.92,489.23,475.64,489.23,474.92,478.32,浴室
382.41,458.16,382.41,477.36,473.61,467.76,472.01,450.16,飘香香氛包
370.47,449.77,370.47,457.16,481.24,446.69,482.41,436.56,Fragranccesachet
345.85,420.23,348.31,448.54,365.55,447.92,362.47,417.16,R
391.39,413.46,393.24,442.39,418.47,440.54,416.62,411.0,O
444.93,407.92,445.55,436.23,461.55,435.62,461.55,407.31,S
398.78,358.08,394.47,384.54,445.55,383.31,449.85,354.39,春風
421.55,349.46,420.31,354.39,452.93,350.08,452.31,345.16,###
643.7,380.23,644.93,384.54,675.08,388.23,676.93,382.69,###
432.62,175.03,432.62,201.49,456.62,201.49,456.62,175.03,春
