89.28,68.23,89.28,17.42,172.02,17.42,172.02,68.23,###
208.31,27.58,248.96,71.13,77.66,238.07,37.02,190.17,冲钻特价
105.25,265.65,105.25,280.17,186.54,280.17,186.54,265.65,1212年终盛典
385.42,71.13,385.42,84.2,501.55,84.2,501.55,71.13,###
273.64,74.03,273.64,87.1,360.74,87.1,360.74,74.03,###
234.44,132.1,234.44,143.72,354.93,143.72,354.93,132.1,###
153.15,190.17,135.73,225.01,190.89,223.56,190.89,180.01,###
135.73,252.59,135.73,251.14,135.73,251.14,135.73,252.59,###
115.41,229.36,103.79,264.2,190.89,261.3,190.89,229.36,淘宝
259.12,195.97,254.77,203.23,305.58,203.23,308.48,194.52,###
121.21,672.12,195.25,747.61,224.28,727.28,144.44,648.89,100%
61.7,688.09,185.09,807.13,211.22,781.0,86.37,660.51,实物拍摄
64.6,757.77,122.67,814.38,145.89,779.54,92.18,731.64,正品
775.92,657.61,665.59,765.03,722.2,823.1,826.72,717.12,包邮
270.74,213.4,270.74,223.56,301.22,223.56,301.22,211.94,###
269.28,227.91,266.38,236.62,305.58,238.07,305.58,226.46,###
241.7,148.07,230.09,158.23,331.71,158.23,330.25,153.88,###
325.9,168.39,325.9,177.1,232.99,177.1,232.99,168.39,###
307.03,184.36,307.03,190.17,256.22,190.17,256.22,184.36,###
