294.38,660.75,294.38,671.25,365.63,671.25,365.63,660.75,###
487.88,660.75,487.88,670.5,517.88,670.5,517.88,660.75,###
383.63,649.5,383.63,660.0,433.13,660.0,433.13,649.5,###
387.38,639.75,387.38,647.25,429.38,647.25,429.38,639.75,###
381.38,615.0,381.38,625.5,435.38,625.5,435.38,615.0,###
371.63,602.25,369.38,613.5,445.13,613.5,445.13,603.0,###
383.63,588.0,383.63,600.0,432.38,600.0,432.38,588.0,###
357.38,575.25,357.38,588.75,460.13,588.75,460.13,575.25,High-Perfornance
328.13,547.5,328.13,564.75,378.38,564.75,378.38,547.5,SAE
389.63,546.75,389.63,565.5,487.88,565.5,487.88,546.75,10W-40
298.88,501.75,298.88,535.5,469.13,535.5,469.13,501.75,Motorcycle
480.38,499.5,480.38,532.5,514.13,532.5,514.13,499.5,Oil
329.63,477.75,329.63,497.25,486.38,497.25,486.38,477.75,SYNTHETIC
335.63,427.5,335.63,459.0,490.88,459.0,490.88,427.5,AMSOIL
343.13,299.25,343.13,328.5,473.63,328.5,473.63,299.25,AMSOIL
28.13,566.25,28.13,663.0,220.13,663.0,220.13,566.25,包邮
31.13,106.5,48.38,137.25,163.13,57.0,145.13,24.75,正品保证
0.38,62.25,30.38,96.0,117.38,38.25,85.13,1.5,100%
565.13,45.75,565.13,72.75,588.38,72.75,588.38,45.75,真
610.13,48.75,610.13,72.75,631.13,72.75,631.13,48.75,7
610.88,8.25,610.88,35.25,730.88,35.25,730.88,8.25,亚非石化
549.38,4.5,549.38,24.75,583.88,24.75,583.88,4.5,AF
