214.68,589.25,215.45,598.58,320.45,600.14,320.45,590.8,Zur Nahrungserganzung
217.01,619.58,217.01,633.58,238.79,633.58,238.79,619.58,40
249.68,618.8,249.68,633.58,325.9,633.58,325.9,618.8,kapseln
219.34,663.14,219.34,677.92,242.68,677.92,242.68,663.14,40
250.45,664.69,250.45,675.58,326.68,675.58,326.68,664.69,kapseln
291.68,568.25,291.68,591.58,315.79,591.58,315.79,568.25,镁
402.12,570.58,401.34,579.92,452.68,573.69,452.68,561.25,TAGLICH
400.56,556.58,402.12,569.03,485.34,551.92,484.56,541.8,BEI 2 KAPSELN
404.51,480.85,405.51,489.89,420.51,486.89,419.01,478.39,150
422.01,481.39,421.01,486.89,433.51,484.89,434.01,479.89,mg
409.01,505.89,409.01,513.89,418.51,513.89,418.51,505.89,10
421.51,507.89,420.51,512.89,434.01,511.39,433.01,505.89,mg
403.01,525.89,403.01,532.89,420.01,531.35,419.01,524.85,120
412.01,539.89,412.01,533.39,420.01,532.39,420.51,539.39,5
419.51,549.89,420.01,540.85,413.51,540.39,413.51,549.89,5
432.51,529.89,433.01,523.89,421.51,525.39,421.01,529.39,###
433.51,538.89,432.51,532.89,421.01,534.35,421.01,538.89,mg
433.01,548.89,432.01,542.39,423.01,541.89,423.51,548.39,mg
434.01,538.35,435.51,545.35,480.51,537.85,480.51,530.35,VITAMIN D
456.14,533.94,455.51,526.85,435.51,529.35,435.01,537.35,ZINK
490.01,518.35,489.51,510.85,435.51,519.85,436.01,527.35,MAGNESIUM
481.51,500.85,481.51,494.85,435.51,502.35,436.01,510.35,HYALLRON
467.01,494.85,466.01,487.35,435.01,493.85,435.01,502.35,PULVER
475.51,484.85,475.01,477.85,436.01,484.35,435.01,492.85,MUSCHEL
477.51,476.35,477.51,468.85,437.01,475.85,434.51,482.85,GRüNLIPP
403.14,425.03,404.64,437.53,444.64,432.53,442.64,417.53,1000
464.64,428.53,464.14,420.53,447.14,422.53,446.14,431.53,mg
403.14,452.03,405.64,468.03,431.14,461.53,432.14,447.03,150
435.64,453.03,434.64,461.03,453.14,457.03,452.14,450.53,mg
403.14,442.03,401.14,450.03,489.64,433.53,490.14,425.03,GLUCOSAMINSULFAT
401.14,470.53,402.14,477.03,493.14,460.03,494.14,452.53,CHONROITINSULIFAT
493.64,505.48,493.64,526.98,588.64,526.98,588.64,505.48,透明质酸
613.14,447.48,613.14,470.48,636.64,470.48,636.64,447.48,锌
524.64,326.98,524.64,349.48,612.64,349.48,612.64,326.98,维生素E
101.51,579.48,101.51,601.48,173.51,601.48,173.51,579.48,葡萄糖
68.01,427.98,68.01,449.98,138.51,449.98,138.51,427.98,骨胶原
214.51,463.98,214.51,478.98,225.51,478.98,225.51,463.98,2
228.01,468.48,228.01,478.98,238.01,478.98,238.01,468.48,x
243.51,463.98,243.51,479.48,304.51,479.48,304.51,463.98,taglich
214.51,440.12,214.51,449.62,268.51,449.62,268.51,440.12,Knochen bel
214.51,430.62,214.51,439.62,347.01,439.62,347.01,430.62,Zink tragtzum Erhalt normaler
215.01,418.12,215.01,425.12,366.51,425.12,366.51,418.12,Funktion con Knorpel und Knochen
214.51,408.12,214.51,414.62,361.51,414.62,361.51,408.12,Vitamin C unterstütz die normaie
214.01,381.62,214.01,394.12,450.01,394.12,450.01,381.62,+Grünlippmuschel+Hyaluronsaure
214.51,369.62,214.51,379.62,409.51,379.62,409.51,369.62,mit Glucosamin+Chondroritin
374.01,238.21,374.01,264.21,487.51,264.21,487.51,238.21,aktiv
308.51,269.21,308.51,274.71,314.51,274.71,314.51,269.21,###
247.01,273.21,247.01,289.21,306.51,289.21,306.51,273.21,herz
226.01,247.71,226.01,264.71,323.01,264.71,323.01,247.71,Doppel
213.01,316.21,213.01,353.71,377.51,353.71,377.51,316.21,Gelenk
389.51,320.71,389.51,353.21,492.51,353.21,492.51,320.71,1000
111.51,108.85,111.51,154.85,590.51,154.85,590.51,108.85,###
44.01,37.85,44.01,84.85,329.01,84.85,329.01,37.85,修复关节软骨
366.01,39.35,366.01,82.35,654.51,82.35,654.51,39.35,催生关节滑液
