69.44,67.52,69.44,111.52,331.84,111.52,331.84,67.52,papatonk
427.04,60.32,427.04,123.52,760.64,123.52,760.64,60.32,啪啪通虾片
407.04,521.12,407.04,550.72,537.44,550.72,537.44,521.12,SHRIMP
407.84,553.12,407.84,576.32,536.64,576.32,536.64,553.12,CRACKERS
405.44,674.72,405.44,682.72,442.24,682.72,442.24,674.72,###
579.84,553.12,583.54,574.97,635.84,575.52,635.84,553.12,KERS
584.64,524.32,584.64,551.52,635.84,551.52,635.84,524.32,MP
680.64,556.32,680.64,578.72,724.64,578.72,724.64,556.32,ERS
675.04,525.12,675.04,553.92,725.44,553.92,725.44,525.12,MP
679.84,510.72,679.84,518.72,723.84,518.72,723.84,510.72,PREMIUM
583.04,509.12,583.04,516.32,634.24,516.32,634.24,509.12,PREMIUM
410.24,508.32,410.24,516.32,481.44,516.32,481.44,508.32,ISDONESIAN
486.24,508.32,486.24,516.32,536.64,516.32,536.64,508.32,PREMIUM
513.44,482.72,513.26,490.97,546.97,490.4,546.97,483.54,SEAWEED
447.04,421.12,447.04,430.72,498.24,430.72,498.24,421.12,papatonk
571.84,419.52,571.84,430.72,594.4,430.97,594.24,419.52,tonk
664.64,421.92,664.64,431.52,683.84,431.52,683.84,421.92,onk
606.24,478.72,607.04,485.92,643.84,485.92,645.44,477.92,NOTCKNL
613.44,485.92,613.44,492.32,639.84,492.32,639.84,485.92,&LIME
671.04,485.92,669.44,492.32,706.24,492.32,707.84,485.92,ORICLNAL
46.24,248.32,66.24,355.52,263.84,328.32,226.24,196.32,3包
238.24,241.92,263.84,321.12,487.04,270.72,471.84,185.12,实惠装
499.84,178.72,515.84,253.12,539.84,253.12,523.84,173.12,！
459.31,599.54,461.03,604.11,470.17,597.83,468.46,592.11,###
460.46,605.26,461.03,610.4,476.46,598.97,475.31,590.97,###
466.17,608.69,466.74,612.69,477.03,604.69,475.31,601.26,###
514.4,513.83,514.4,513.83,514.97,513.83,514.97,513.83,###
612.69,538.4,612.69,538.4,612.11,538.4,612.11,538.4,###
599.54,566.97,599.54,566.97,600.11,566.97,600.11,566.97,###
504.56,414.68,504.56,418.92,510.68,418.92,510.68,414.68,###
601.04,416.09,601.04,419.86,607.15,419.86,607.15,416.09,###
689.88,415.62,689.88,419.39,697.41,419.39,697.41,415.62,###
490.34,96.86,490.34,96.25,490.34,96.25,490.34,96.86,###
