64.44,47.11,47.56,97.78,132.0,122.67,141.78,66.67,蜜澳
168.44,64.89,168.44,108.44,334.67,108.44,334.67,64.89,美妆护肤
28.0,207.11,28.0,276.44,304.44,276.44,304.44,207.11,保湿修护
28.0,328.0,28.0,397.33,307.11,397.33,307.11,328.0,恢复弹性
30.67,450.67,30.67,518.22,307.11,518.22,307.11,450.67,延缓老化
543.56,212.44,543.56,254.22,741.78,254.22,741.78,212.44,SINICARE
546.22,262.22,546.22,282.67,744.44,282.67,744.44,262.22,INTENSIVERECOVERY
594.22,290.67,594.22,307.56,745.33,307.56,745.33,290.67,PLACENIAMASK
720.44,313.78,720.44,331.56,745.33,332.44,745.33,313.78,20g
638.67,431.11,638.67,448.0,747.11,448.0,747.11,431.11,Anti-wrinkle
593.33,458.67,593.33,477.33,747.11,477.33,747.11,458.67,Skinreqeneration
640.44,484.44,640.44,504.0,748.0,504.0,748.0,484.44,Moisturising
672.44,510.22,672.44,530.67,748.89,530.67,748.89,510.22,Soothing
668.89,601.78,670.67,612.44,748.89,610.67,748.89,601.78,###
518.67,620.44,518.67,640.89,597.78,640.89,597.78,620.44,810R.01
12.0,624.89,18.22,714.67,481.33,700.44,482.22,617.78,全场任选2件包邮
195.11,736.89,195.11,787.56,388.0,787.56,388.0,736.89,澳洲原装
511.56,740.44,511.56,787.56,703.56,787.56,703.56,740.44,香港直邮
369.33,560.0,369.33,549.33,751.56,545.78,751.56,555.56,###
367.56,569.78,367.56,557.33,749.78,557.33,749.78,566.22,###
369.33,580.44,369.33,567.11,752.44,567.11,750.67,577.78,###
368.44,592.0,368.44,578.67,751.56,578.67,751.56,588.44,###
369.33,600.89,369.33,592.0,520.44,592.0,520.44,600.89,###
