97.5,40.2,97.5,99.6,524.7,99.6,524.7,40.2,乐淘澳洲生活馆
160.5,135.0,160.5,173.4,458.1,173.4,458.1,135.0,100%澳洲空运直邮
413.1,220.2,413.1,267.0,558.9,267.0,558.9,220.2,贝拉米
390.9,289.2,390.9,335.4,587.1,335.4,587.1,289.2,有机奶粉
439.5,356.4,439.5,400.8,537.3,400.8,537.3,356.4,一段
455.1,420.0,455.1,466.8,532.5,466.8,532.5,420.0,6罐
392.1,486.6,392.1,532.2,596.7,532.2,596.7,486.6,0-12个月
393.3,553.2,393.3,601.8,587.7,601.8,587.7,553.2,澳洲直邮
393.3,622.2,393.3,667.8,588.3,667.8,588.3,622.2,包邮包税
353.7,708.0,353.7,741.0,465.9,741.0,465.9,708.0,微信号：
486.3,712.2,486.3,736.8,593.7,736.8,593.7,712.2,LetaoAU
309.8,704.8,310.2,716.4,354.6,697.2,353.0,686.8,NET900g
361.4,687.6,362.6,689.6,370.2,681.6,369.4,676.4,###
362.6,678.0,362.2,684.4,371.0,672.4,371.0,668.4,###
363.4,669.6,362.6,674.8,371.4,665.2,370.6,659.6,###
363.8,660.4,363.4,667.6,371.8,655.6,371.0,650.8,###
361.0,652.4,362.2,659.2,370.2,648.0,369.8,645.6,###
324.6,570.0,321.8,684.8,350.2,673.6,347.4,568.8,1
230.6,681.2,227.0,689.2,249.4,690.8,247.8,681.2,MA
251.0,679.6,254.2,688.8,271.0,676.8,266.6,670.0,DE
189.8,675.6,194.2,686.4,298.6,658.4,297.0,644.8,ORGANIC
188.6,661.6,191.0,674.4,295.0,644.0,293.8,633.6,CFRTIFIED
213.8,625.6,202.6,651.6,213.4,654.4,224.2,628.8,AUS
218.6,620.0,225.4,628.0,259.0,622.4,255.8,608.8,TRAL
259.8,623.6,271.8,638.8,282.6,632.0,264.2,613.2,IAN
177.4,534.4,177.4,540.8,243.8,542.4,243.0,536.0,fromorganic
247.0,536.8,247.0,541.2,296.2,541.2,296.2,536.8,cow'smilk
222.2,520.0,222.2,526.0,247.8,526.0,247.8,520.0,###
251.0,519.6,251.0,525.2,295.0,525.2,295.0,519.6,dominant
183.0,486.4,183.0,505.2,297.4,505.2,295.8,488.8,fromula
157.0,440.4,155.4,467.2,302.2,472.4,302.2,444.8,###
68.6,363.2,70.2,399.2,306.2,411.6,308.2,369.6,organic
336.6,330.4,337.8,339.2,372.6,344.8,372.6,335.2,months
337.8,292.8,338.6,319.6,372.6,324.4,375.8,300.8,0-12
64.2,299.2,63.8,323.2,149.4,323.2,149.0,296.4,BELL
167.4,299.2,155.8,324.8,311.4,336.0,310.2,307.6,AMY'S
63.0,250.0,63.0,328.8,101.0,328.8,102.2,244.4,B
