75.8,549.77,44.8,654.77,24.8,636.77,46.8,543.77,###
191.8,544.77,210.8,593.77,221.8,592.77,200.8,540.77,###
207.8,552.77,218.8,575.77,238.8,566.77,228.8,539.77,###
603.8,750.77,603.8,783.77,630.8,783.77,630.8,750.77,?
634.8,740.77,634.8,781.77,727.8,781.77,727.8,740.77,168
737.8,749.77,737.8,784.77,774.8,784.77,774.8,749.77,元
619.57,689.7,617.8,726.77,760.8,726.77,760.49,690.32,天猫男人节
92.8,88.66,92.8,118.66,197.8,118.66,197.8,88.66,帝蒙顿
24.8,23.88,24.8,82.88,104.8,82.88,104.8,23.88,D
104.8,53.88,104.8,75.88,255.8,75.88,255.8,53.88,emedn
558.03,664.47,558.03,670.01,594.95,670.01,594.95,664.47,###
705.72,488.95,764.18,656.34,790.65,645.87,737.72,476.03,###
253.78,34.67,253.78,51.56,268.0,48.89,268.0,34.67,?
