167.63,242.25,167.63,272.25,233.63,272.25,233.63,242.25,100%
236.63,259.5,236.63,274.5,298.88,274.5,298.88,259.5,盗用必究
235.13,237.0,235.13,252.0,298.13,252.0,298.13,237.0,实物拍摄
301.13,266.25,301.13,280.5,495.38,280.5,495.38,266.25,SHOP34274075.TAOBAO.COM
298.88,231.0,298.88,259.5,496.13,259.5,496.13,231.0,时尚爱购商店
440.63,154.5,440.63,171.75,457.13,171.75,457.13,154.5,魅
169.88,158.25,169.88,175.5,186.38,175.5,186.38,158.25,魅
127.88,87.0,127.88,114.75,283.88,114.75,283.88,87.0,mengyun
283.13,81.0,283.13,113.25,330.38,113.25,330.38,81.0,梦韵
401.63,81.75,401.63,111.75,555.38,111.75,555.38,81.75,mengyun
556.13,78.0,556.13,112.5,602.63,112.5,602.63,78.0,梦韵
400.13,305.25,400.13,318.75,470.63,318.75,470.63,305.25,T裆无痕设计
402.38,321.75,401.63,331.5,465.38,331.5,465.38,323.25,任意裁剪连裤袜
140.63,308.25,140.63,322.5,210.38,322.5,210.38,308.25,T裆无痕设计
144.38,325.5,144.38,335.25,206.63,335.25,206.63,325.5,任意裁剪连裤袜
142.88,335.25,142.88,340.5,235.13,340.5,235.13,335.25,###
402.38,332.25,402.38,339.0,492.38,339.0,492.38,332.25,###
402.38,354.0,402.38,363.75,443.63,363.75,443.63,354.0,NO.6299
143.63,359.25,143.63,366.0,188.63,366.0,188.63,359.25,NO.6299
145.88,376.5,145.88,383.25,168.38,383.25,168.38,376.5,COL.
173.63,373.5,173.63,384.0,184.13,384.0,184.13,373.5,18
669.38,168.0,667.13,470.25,742.13,470.25,740.63,168.75,6双包邮
11.63,15.75,11.63,327.0,76.88,327.0,76.88,15.0,无痕任意剪
128.63,420.0,122.63,435.75,220.88,436.5,220.88,421.5,meng
262.88,405.75,258.38,421.5,375.38,429.0,373.13,414.0,mengy
408.38,410.25,406.13,426.0,561.38,435.75,560.63,420.0,mengyun
562.88,416.25,565.88,438.0,608.63,440.25,606.38,419.25,###
453.38,454.5,451.13,466.5,469.88,466.5,469.88,453.75,魅
295.13,450.75,302.63,459.75,312.38,462.75,312.38,450.75,魅
151.13,463.5,151.13,476.25,167.63,476.25,167.63,463.5,魅
72.38,586.5,72.38,600.75,159.38,600.75,159.38,586.5,T裆无痕设计
67.88,603.75,65.63,612.0,148.88,613.5,148.88,603.75,任意裁剪连裤袜
63.38,612.75,64.88,618.75,183.38,619.5,183.38,612.75,###
238.88,569.25,238.88,580.5,330.38,587.25,331.88,573.75,T裆无痕设计
238.88,595.5,236.63,601.5,359.63,606.75,361.13,603.0,###
418.13,573.75,421.13,586.5,514.13,591.0,514.13,577.5,T裆无痕设计
483.38,587.25,483.38,599.25,525.38,599.25,525.38,587.25,实物拍摄
480.38,600.75,480.38,614.25,524.63,614.25,524.63,600.75,盗用必究
435.38,589.5,435.38,609.75,480.38,609.75,480.38,589.5,100%
526.13,608.25,526.13,616.5,659.63,616.5,659.63,608.25,SHOP34274075.TAOBAO.COM
429.38,624.75,428.63,636.75,490.13,638.25,488.63,627.0,NO.6299
429.38,648.0,429.38,658.5,462.38,658.5,462.38,648.0,COL.
465.38,645.0,465.38,658.5,478.88,658.5,478.88,645.0,18
271.13,642.75,271.13,654.0,285.38,654.0,285.38,642.75,10
235.13,618.75,233.63,631.5,296.63,633.75,295.13,622.5,NO.6299
230.63,639.75,230.63,652.5,259.88,652.5,259.88,639.75,COL.
51.38,657.0,51.38,670.5,77.63,670.5,77.63,657.0,COL.
55.88,639.0,55.88,648.0,115.13,648.0,115.13,639.0,NO.6299
99.38,654.75,99.38,664.5,111.38,664.5,111.38,654.75,3
3.38,694.5,3.38,745.5,211.13,745.5,211.13,694.5,实体批发
268.88,696.75,268.88,744.0,477.38,744.0,477.38,696.75,独立包装
551.63,694.5,551.63,745.5,746.63,745.5,746.63,694.5,假货白送
524.63,584.25,524.63,602.25,658.88,602.25,658.88,584.25,时尚爱购商店
238.88,585.75,238.88,594.0,330.38,598.5,332.63,590.25,任意裁剪连裤袜
332.63,79.5,332.63,87.0,339.38,87.0,339.38,79.5,###
605.63,79.5,605.63,86.25,613.88,86.25,613.88,79.5,###
690.38,662.25,690.38,669.75,724.88,669.75,724.88,662.25,###
701.63,642.0,695.63,657.0,712.88,657.75,712.88,642.75,m
