31.33,58.67,31.33,109.33,272.67,109.33,272.67,58.67,###
28.67,244.0,28.67,266.67,292.67,266.67,292.67,244.0,BABYPORTION420ML
31.33,300.0,31.33,340.0,324.67,340.0,324.67,300.0,精准刻度方便储存
571.33,420.0,571.33,433.33,599.33,433.33,599.33,420.0,###
571.33,452.0,571.33,468.0,600.67,468.0,600.67,452.0,###
572.67,486.67,572.67,501.33,602.0,501.33,602.0,486.67,###
571.33,518.67,571.33,533.33,602.0,533.33,602.0,518.67,###
574.0,553.33,574.0,566.67,602.0,566.67,602.0,553.33,###
572.67,586.67,572.67,601.33,602.0,601.33,602.0,586.67,###
578.0,621.33,578.0,633.33,596.67,633.33,596.67,621.33,###
575.33,637.33,575.33,650.67,596.67,650.67,596.67,637.33,###
564.67,658.67,564.67,673.33,626.0,673.33,626.0,658.67,###
564.67,773.33,564.67,788.0,624.67,788.0,624.67,773.33,###
28.67,182.67,28.67,238.67,330.0,238.67,330.0,182.67,食物储存罐
