371.56,706.84,387.2,766.58,402.13,761.6,390.76,706.84,shop
409.96,758.76,392.18,772.98,436.98,812.09,446.93,790.04,1113
446.93,794.31,439.11,815.64,500.98,824.89,500.27,804.27,9074
503.82,800.71,503.82,828.44,564.27,807.11,555.73,790.04,6.tao
595.56,740.98,560.0,787.91,569.96,803.56,608.36,748.8,bao.c
601.96,702.58,593.42,739.56,609.78,742.4,614.76,704.71,om
424.18,714.67,422.04,745.96,564.27,745.96,562.84,713.96,正品保证
424.18,664.18,422.76,696.18,565.69,696.18,562.84,662.04,实物拍摄
417.78,598.76,371.56,660.62,400.71,675.56,441.96,622.93,欧洲
436.27,586.67,437.69,621.51,545.78,621.51,553.6,581.69,站一线
567.82,597.33,543.64,625.07,588.44,677.69,617.6,656.36,女装
