357.08,215.0,357.08,279.17,425.42,279.17,425.42,215.0,麻
360.42,311.67,360.42,340.83,422.92,340.83,422.92,311.67,透气
361.25,352.5,361.25,381.67,422.92,381.67,422.92,352.5,清爽
360.42,392.5,360.42,424.17,422.92,424.17,422.92,392.5,健康
375.42,436.67,375.42,470.83,422.08,470.83,422.08,436.67,99
375.42,474.17,375.42,490.83,420.42,490.83,420.42,474.17,感恩价
368.75,97.5,368.75,110.0,392.92,110.0,392.92,97.5,亚麻
370.42,111.67,370.42,122.5,381.25,122.5,381.25,111.67,棉
397.92,99.17,397.92,109.17,421.25,109.17,421.25,99.17,85%
397.92,113.33,397.92,121.67,422.92,121.67,422.92,113.33,15%
