40.95,110.7,40.95,132.3,95.85,132.3,99.45,113.4,小伙子
39.15,174.6,43.65,153.0,94.95,144.0,92.25,164.7,###
119.25,84.6,117.45,95.4,134.55,95.4,134.55,83.7,?
127.35,135.9,127.35,98.1,223.65,98.1,223.65,135.9,###
120.15,154.8,122.85,140.4,348.75,137.7,353.25,152.1,只选用新疆基地当年新产辣椒
27.45,332.1,27.45,295.2,112.95,295.2,112.95,332.1,小伙子
82.35,429.3,82.35,353.7,198.45,353.7,201.15,415.8,A级
526.05,319.5,522.45,271.8,646.65,271.8,644.85,318.6,小伙子
539.55,99.9,539.55,76.5,611.55,76.5,611.55,103.5,小伙子
627.75,44.1,625.95,52.2,643.95,54.0,643.05,45.9,?
651.15,55.8,651.15,100.8,757.35,100.8,757.35,55.8,###
533.25,115.2,533.25,139.5,616.95,139.5,616.95,115.2,###
643.05,127.8,643.95,108.0,897.75,100.8,898.65,119.7,只选用新疆基地当年新产辣椒
134.55,250.2,134.55,383.4,492.75,383.4,492.75,250.2,辣椒粉
668.25,232.2,668.25,378.0,899.55,378.0,899.55,232.2,辣椒
769.95,209.7,770.85,687.6,846.45,688.5,846.45,207.9,正品特价包邮
548.55,509.4,545.85,588.6,639.45,593.1,638.55,544.5,15年
652.95,625.5,652.05,602.1,517.95,587.7,518.85,611.1,不变的品质
506.25,614.7,501.75,646.2,701.55,655.2,699.75,617.4,成就行业领导品牌
397.35,621.0,397.35,659.7,470.25,659.7,470.25,621.0,韩国
722.25,850.5,722.25,819.9,502.65,806.4,505.35,845.1,青岛正道食品
720.45,867.6,720.45,846.0,504.45,844.2,502.65,867.6,辣椒粉专业制造商
175.95,807.3,175.95,826.2,-0.45,831.6,0.45,813.6,辣椒粉专业制造商
169.65,789.3,172.35,810.9,0.45,810.0,0.45,779.4,青岛正道食品
453.15,516.6,453.15,554.4,472.95,554.4,474.75,522.0,E
34.65,507.6,37.35,574.2,97.65,582.3,97.65,541.8,15年
19.35,575.1,22.95,597.6,104.85,609.3,106.65,589.5,不变的品质
0.45,623.7,0.45,603.0,144.45,603.0,143.55,640.8,成就行业领导品牌
622.35,423.9,622.35,341.1,752.85,341.1,752.85,423.9,A级
121.05,745.2,129.15,180.9,49.05,180.9,49.05,745.2,实体店热销产品
58.95,58.5,58.95,153.9,862.65,153.9,862.65,48.6,22元一袋做信誉
