242.69,73.88,243.73,87.41,268.14,87.41,268.14,74.81,DR
275.23,73.24,275.23,88.2,333.51,88.2,333.51,73.24,PLANT
187.03,98.44,187.03,146.47,714.66,146.47,714.66,96.86,植物医生官方唯一授权
39.77,275.63,39.77,581.96,94.89,581.96,94.89,275.63,先领卷后购物
139.78,227.59,139.78,637.09,198.06,637.09,198.06,227.59,巨额优惠卷免费领
824.91,226.8,824.91,724.5,889.48,724.5,889.48,226.8,旺旺咨询更优惠哟
267.44,269.01,270.58,291.69,410.44,291.69,407.3,266.49,LOTIONSPA
380.83,294.21,382.1,306.81,392.81,304.92,392.81,294.21,?
292.63,294.84,292.63,315.63,381.46,315.63,381.46,294.84,植物医生
297.05,337.05,297.05,364.77,386.5,364.77,386.5,337.05,MEN
286.96,371.07,286.96,384.3,321.62,384.3,321.62,371.07,RED
326.02,370.44,326.02,384.3,396.6,383.32,396.6,371.5,GINSENG
279.41,391.86,279.41,400.05,322.88,400.05,322.88,391.86,Awaking
300.82,403.2,300.82,410.76,348.07,410.76,348.07,403.2,Tonat
350.6,403.83,350.6,411.39,365.08,411.39,365.08,403.83,For
368.24,402.57,368.85,411.07,387.76,412.65,387.76,402.57,Man
299.56,416.43,299.56,429.03,387.13,427.77,387.13,416.43,红参男士醒肤活力
314.69,430.92,314.69,441.0,373.27,441.0,373.27,430.92,深度洁面乳
314.06,578.34,314.06,589.68,349.96,589.68,349.96,578.34,净含量：
357.52,578.34,357.52,588.42,377.7,588.26,377.06,578.34,120g
508.1,658.98,508.1,669.06,537.08,669.06,537.08,658.98,净含量：
542.12,660.87,542.12,668.43,564.79,668.43,564.79,660.87,130ml
675.67,652.05,675.67,660.87,700.25,660.87,700.25,652.05,###
709.7,652.68,709.7,659.61,730.49,659.61,730.49,652.68,###
516.28,529.83,516.28,539.91,550.3,539.91,550.3,529.83,润肤霜
689.53,521.64,689.53,529.83,712.22,529.83,712.22,521.64,###
668.12,510.93,668.12,519.12,732.38,519.12,732.38,510.93,###
670.63,502.74,670.63,508.41,701.5,508.41,701.5,502.74,###
704.02,502.74,704.02,508.41,730.49,508.41,730.49,502.74,###
668.12,493.92,668.12,500.22,731.12,500.22,731.12,493.92,###
487.94,515.97,487.94,527.94,579.28,527.94,579.28,515.97,红参男士醒肤活力
500.55,503.8,500.55,509.12,526.54,509.12,526.54,503.8,Tonat
531.27,503.21,531.27,509.12,545.44,509.12,545.44,503.21,For
547.8,503.8,547.8,509.12,571.43,507.35,570.84,503.8,Man
531.86,490.22,531.86,498.49,581.47,498.49,581.47,490.22,Enonrgeto
484.02,491.4,484.02,499.08,527.72,499.08,527.72,491.4,Awaking
478.7,464.23,478.7,476.04,513.55,476.04,513.55,464.23,RED
516.5,464.82,516.5,477.82,587.97,477.82,587.97,464.82,GINSENG
667.11,479.0,667.11,489.63,688.96,489.63,688.96,479.0,RED
690.15,480.77,690.74,489.04,735.03,488.45,735.03,480.77,GINSENG
673.61,458.92,673.61,476.04,727.35,476.04,727.35,458.92,植物医生
679.51,420.52,679.51,432.34,720.27,432.34,719.09,421.12,植物医生
666.52,408.71,666.52,421.12,734.44,421.12,734.44,408.71,LOTIONSPA
564.93,397.49,564.93,405.76,572.61,405.76,574.38,397.49,?
495.83,395.72,495.83,413.44,563.75,413.44,563.75,395.72,植物医生
477.52,377.41,477.52,395.72,589.74,395.72,589.74,377.41,LOTIONSPA
491.1,432.93,491.1,460.1,574.97,460.1,574.97,432.93,MEN
326.32,390.99,326.32,399.26,374.16,399.26,374.16,390.99,Enargstic
377.11,391.58,377.11,399.26,401.92,399.26,402.51,390.99,Facial
