-0.4,115.2,106.0,0.0,144.4,20.8,32.4,145.6,EPARE
18.0,242.4,194.8,40.0,243.6,80.8,70.8,281.6,玫瑰精油
778.0,119.2,706.8,37.6,662.8,65.6,735.6,155.2,纯度
754.0,198.4,643.6,64.0,608.4,96.8,722.0,230.4,19.9%
328.4,542.4,326.8,567.2,370.8,566.4,373.2,542.4,Rose
378.8,542.4,380.4,568.0,454.0,568.0,454.0,542.4,Essential
462.8,544.0,461.2,567.2,487.6,566.4,489.2,543.2,Oil
361.2,576.8,359.6,604.0,457.2,603.2,457.2,575.2,玫瑰精油
51.6,136.0,62.8,144.8,73.2,136.0,62.8,124.8,伊
76.4,109.6,86.8,120.0,98.8,109.6,86.8,99.2,帕
101.2,83.2,109.2,94.4,120.4,86.4,114.0,73.6,尔
130.0,49.6,121.2,62.4,135.6,70.4,143.6,60.8,汗
366.8,461.6,366.8,482.4,389.2,482.4,389.2,461.6,伊
410.0,461.6,410.0,483.2,433.2,483.2,433.2,461.6,帕
452.4,463.2,452.4,485.6,472.4,485.6,472.4,463.2,尔
490.0,463.2,490.0,485.6,506.8,485.6,506.8,463.2,汗
397.2,468.0,397.2,476.8,403.6,476.8,403.6,468.0,?
439.6,469.6,439.6,476.0,444.4,476.0,444.4,469.6,?
478.0,470.4,478.0,478.4,485.2,478.4,485.2,470.4,?
310.0,416.0,304.67,458.67,516.67,460.0,516.67,417.33,eprhan
302.0,631.2,302.0,657.6,514.0,656.0,514.0,631.2,Whitenskin.Lightenspotsand
294.0,652.0,294.8,667.2,523.6,672.0,526.0,656.0,removescars.Protecttheskinfrom
308.4,669.6,308.4,690.4,505.2,690.4,505.2,669.6,aging.Smoothfinewrinkles
