120.84,656.34,120.84,728.84,593.34,728.84,593.34,656.34,昌顺汽车用品
560.84,585.5,558.34,597.17,681.68,597.17,681.68,583.0,carAUDIO
691.68,578.84,693.34,596.34,729.18,597.17,729.18,578.84,黑剑
26.68,586.34,26.68,612.17,105.01,612.17,105.01,586.34,25MM
115.84,583.0,115.84,608.84,255.01,608.84,255.01,583.0,SILK-DOME
263.34,579.67,263.34,606.34,371.68,606.34,371.68,579.67,TWEETER
377.51,578.84,376.68,604.67,485.01,604.67,485.01,577.17,SPEAKER
552.51,533.0,552.51,575.5,614.18,575.5,614.18,533.0,BASS
621.68,535.5,626.68,571.34,728.34,572.17,728.34,532.17,WARRI△R
180.01,238.38,195.01,313.38,303.34,294.22,291.68,221.72,BASS
316.68,220.88,334.18,288.38,525.01,252.55,507.51,186.72,WARRI△R
54.18,128.38,54.18,150.05,72.51,150.05,72.51,128.38,2
85.01,130.05,85.01,148.38,101.68,148.38,101.68,130.05,5
115.84,135.05,115.84,150.05,140.01,150.05,140.84,135.05,m
155.01,135.05,155.01,150.05,182.51,150.05,182.51,135.05,m
199.18,126.72,199.18,152.55,435.01,152.55,435.01,126.72,丝膜高音喇叭
4.18,12.55,4.18,50.88,82.51,50.88,82.51,12.55,黑剑
96.68,13.38,96.68,49.22,232.51,49.22,232.51,13.38,KX2501
240.84,10.88,240.84,52.55,318.34,52.55,318.34,10.88,高音
