69.78,671.11,69.78,658.67,296.44,658.67,296.44,671.11,DIETARYSUPPLEMENT丨180TABLETS丨AUSTL189845
72.44,656.0,72.44,646.22,144.44,646.22,144.44,656.0,###
72.44,635.56,72.44,648.0,241.33,648.0,238.67,640.0,###
69.78,617.78,69.78,608.0,316.89,608.0,316.89,617.78,?Mostscientificallyyalidatedformofglucosamine
70.67,603.56,70.67,593.78,304.44,593.78,304.44,603.56,?Relievespainandhelpsincreasejointmobility
331.11,662.22,331.11,654.22,364.89,644.44,362.22,652.44,###
338.22,634.67,338.22,625.78,361.33,625.78,361.33,634.67,###
338.22,641.78,338.22,633.78,361.33,633.78,361.33,641.78,###
72.44,581.33,72.44,568.89,236.0,568.89,236.0,581.33,ARTHRITISPAINRELIEE
71.56,554.67,71.56,528.89,383.56,528.89,383.56,554.67,SULFATE1500ONE-A-DAY
70.67,525.33,70.67,493.33,385.33,493.33,385.33,525.33,GLUCOSAMINE
341.78,481.78,341.78,471.11,394.22,471.11,394.22,481.78,###
349.78,470.22,349.78,461.33,388.89,461.33,388.89,470.22,IMPROVEC
127.56,467.56,127.56,448.0,231.56,448.0,231.56,467.56,HEALTHY
243.11,467.56,243.11,449.78,322.22,449.78,322.22,467.56,JOINTS
67.11,432.89,67.11,395.56,376.44,395.56,376.44,432.89,BLACKMORES
454.67,740.44,454.67,675.56,748.0,675.56,748.0,740.44,良心代购
454.67,651.56,454.67,578.67,744.44,578.67,744.44,651.56,分分小屋
441.33,433.78,441.33,359.11,493.78,359.11,493.78,433.78,3
518.67,430.22,518.67,376.0,769.33,376.0,769.33,430.22,瓶包邮
543.56,330.67,543.56,274.67,782.67,274.67,782.67,330.67,（半年量）
218.22,251.56,218.22,166.22,748.0,166.22,748.0,251.56,关节健康180片
47.56,123.56,47.56,38.22,765.78,38.22,765.78,123.56,Blackmores维骨力
