15.56,617.25,15.56,691.14,294.01,691.14,294.01,617.25,香港代购
361.68,618.03,361.68,691.14,633.12,691.14,633.12,618.03,原装塑封
57.56,525.47,55.23,540.25,223.23,530.92,227.12,516.14,TOTALPOIOSMETWL.5.2OZ/150ge
87.12,506.8,87.12,517.69,195.23,511.47,195.23,502.14,###
79.34,474.92,79.34,485.8,203.79,481.14,203.79,469.47,Troispettssavons-doux
84.79,446.92,84.79,461.69,112.79,461.69,112.79,446.92,thee
115.9,446.14,117.45,459.36,199.12,455.47,198.34,442.25,###
88.68,392.47,88.68,427.54,198.34,427.47,198.34,392.47,CLINIQUE
120.56,219.17,120.56,376.28,166.45,376.28,166.45,219.17,C
16.34,179.5,16.34,192.72,24.12,194.28,24.12,179.5,3
26.45,181.06,26.45,194.28,87.12,194.28,87.12,181.06,stopskincare
59.12,187.28,59.12,187.28,59.9,187.28,59.9,187.28,###
346.9,431.5,346.9,465.72,479.12,465.72,479.12,431.5,CLINIQUE
341.45,312.5,341.45,404.28,367.12,404.28,367.12,312.5,CLINI
410.68,314.06,410.68,406.61,441.01,406.61,441.01,314.06,CLINI
499.34,279.06,499.34,419.83,527.34,419.83,527.34,279.06,NIQUE
269.12,128.38,269.12,195.27,665.79,195.27,665.79,128.38,倩碧固体洁面皂
337.56,83.27,337.56,118.27,623.79,118.27,623.79,83.27,等你加入！
337.56,30.38,337.56,82.49,624.56,82.49,624.56,30.38,全球购
17.12,75.49,17.12,122.94,250.45,122.94,250.45,75.49,万能盛典
115.12,54.49,115.12,73.16,184.34,73.16,184.34,54.49,1212
