32.9,701.06,32.9,771.29,124.45,771.29,124.45,701.06,100%
126.23,724.17,126.23,771.29,230.23,771.29,230.23,724.17,品质保证
336.9,711.73,336.9,759.73,443.57,759.73,443.57,711.73,推荐
544.9,754.4,544.9,789.95,748.45,789.95,748.45,754.4,哆来咪妙妙屋
498.68,675.29,498.68,757.95,777.79,757.95,777.79,675.29,收藏有礼
113.79,31.24,113.79,100.58,646.23,100.58,646.23,31.24,一个神奇的店铺
671.12,39.24,671.12,64.13,773.34,64.13,773.34,39.24,假一赔十
55.12,136.13,55.12,155.69,169.79,155.69,169.79,136.13,ieguan
96.01,117.47,96.01,126.36,167.12,126.36,167.12,117.47,###
16.01,199.35,16.01,211.09,53.34,213.22,54.94,199.35,广州主冠
59.74,198.29,59.74,213.75,70.41,212.69,70.41,197.75,S
577.07,487.74,577.61,492.01,611.74,494.67,610.67,490.41,###
614.94,491.47,614.41,495.21,646.41,498.41,647.47,493.61,###
614.41,491.47,614.41,490.94,614.41,490.94,614.41,491.47,###
598.41,450.99,598.41,455.79,625.07,457.39,625.07,452.59,###
594.14,409.92,593.61,416.86,628.81,418.99,628.27,413.66,###
576.01,357.17,574.94,361.97,608.54,365.7,609.07,359.84,###
616.54,360.37,617.61,365.17,643.74,368.37,643.74,362.5,###
586.14,318.24,586.67,323.04,614.94,325.17,614.41,319.84,###
617.61,320.37,616.54,325.7,635.74,326.77,636.27,321.97,###
0.01,72.03,33.61,110.43,102.41,42.17,65.07,5.37,代购
