327.25,73.5,327.25,124.83,692.42,124.83,692.42,73.5,华硕ZenFone5
422.92,154.0,422.92,200.67,693.58,200.67,693.58,154.0,钢化玻璃膜
670.25,301.0,671.42,343.0,435.75,364.0,431.08,322.0,防刮防爆屏
694.75,381.5,695.92,421.17,448.58,446.83,441.58,400.17,9H超强硬度
679.58,457.33,681.92,494.67,491.75,513.33,488.25,470.17,高清高透
105.58,589.17,105.58,596.17,222.25,596.17,222.25,589.17,###
229.25,544.83,229.25,551.83,207.08,551.83,207.08,544.83,Today
275.92,558.83,275.92,567.0,190.75,567.0,190.75,558.83,tomorrowisyour...
270.08,478.33,270.08,486.5,189.58,486.5,189.58,478.33,###
222.25,467.83,222.25,474.83,189.58,474.83,189.58,467.83,###
229.25,449.17,229.25,458.5,207.08,458.5,207.08,449.17,###
251.42,414.17,251.42,423.5,190.75,423.5,190.75,414.17,###
245.58,400.17,245.58,407.17,208.25,407.17,208.25,400.17,40mins
253.75,371.0,253.75,381.5,189.58,381.5,189.58,371.0,MostlySunny！
205.92,357.0,205.92,365.17,228.08,365.17,228.08,357.0,Now
82.25,334.83,82.25,344.17,140.58,344.17,140.58,334.83,45°F，Sunny
149.92,334.83,149.92,345.33,179.08,345.33,179.08,334.83,06:00
82.25,322.0,82.25,333.67,204.75,333.67,204.75,322.0,Mon，01/06/14.lasVegas.
57.75,276.5,57.75,319.67,184.92,319.67,184.92,276.5,12:00
188.42,274.17,188.42,284.67,203.58,284.67,203.58,274.17,PM
235.08,193.67,235.08,204.17,278.25,204.17,278.25,193.67,12:00PM
139.61,160.22,139.61,174.22,188.61,174.22,188.61,160.22,/isus
