364.01,368.77,364.01,413.57,557.61,413.57,557.61,368.77,全国包邮
340.01,297.57,340.01,355.97,579.21,355.97,579.21,297.57,###
368.01,236.05,368.01,282.45,562.41,282.45,562.41,236.05,舒适百搭
445.61,384.92,445.61,384.92,446.41,384.92,446.41,384.92,西子寓言
122.41,198.52,121.61,207.32,179.21,195.32,179.21,186.52,###
200.01,119.32,209.61,136.92,292.01,156.92,289.61,136.12,###
576.81,129.72,580.81,137.72,644.81,140.92,646.41,134.52,###
655.21,80.12,665.61,100.12,759.21,96.12,755.21,76.12,###
701.61,51.39,700.01,57.79,733.61,60.99,733.61,44.19,###
194.41,76.99,200.81,89.79,275.21,80.19,275.21,65.79,WILDREARTS
187.21,96.19,187.21,111.39,288.81,99.39,288.81,83.39,CAN’TBEBROKEN.
416.57,698.29,389.14,685.71,444.0,730.29,455.43,707.43,BEIIL
